# NACA0012 V9 SST AoA = 14.5 deg
# x/c          y/c          Cp
0.1977400000  -0.0572412000  0.5515795556
0.2000000000  -0.0573734000  0.5469208889
0.1954800000  -0.0571051000  0.5561217778
0.1932210000  -0.0569652000  0.5607191111
0.1909630000  -0.0568213000  0.5653733333
0.1887050000  -0.0566735000  0.5700924444
0.1864500000  -0.0565217000  0.5748675556
0.1841960000  -0.0563660000  0.5796960000
0.1819440000  -0.0562062000  0.5845911111
0.1796940000  -0.0560423000  0.5895457778
0.1774470000  -0.0558744000  0.5945564444
0.1752020000  -0.0557023000  0.5996364444
0.1729610000  -0.0555261000  0.6047768889
0.1707240000  -0.0553457000  0.6099866667
0.1684900000  -0.0551611000  0.6152524444
0.1662600000  -0.0549723000  0.6205768889
0.1640350000  -0.0547793000  0.6259662222
0.1618140000  -0.0545820000  0.6314204444
0.1595970000  -0.0543804000  0.6369395556
0.1573870000  -0.0541745000  0.6425146667
0.1551810000  -0.0539643000  0.6481608889
0.1529810000  -0.0537497000  0.6538693333
0.1507880000  -0.0535308000  0.6596364444
0.1486000000  -0.0533075000  0.6654684444
0.1464190000  -0.0530798000  0.6713680000
0.1442450000  -0.0528476000  0.6773288889
0.1420780000  -0.0526111000  0.6833537778
0.1399190000  -0.0523701000  0.6894400000
0.1377670000  -0.0521247000  0.6955848889
0.1356230000  -0.0518747000  0.7017911111
0.1334870000  -0.0516204000  0.7080604444
0.1313600000  -0.0513615000  0.7143911111
0.1292420000  -0.0510982000  0.7207760000
0.1271320000  -0.0508303000  0.7272266667
0.1250320000  -0.0505579000  0.7337342222
0.1229420000  -0.0502811000  0.7402915556
0.1208610000  -0.0499997000  0.7469048889
0.1187900000  -0.0497138000  0.7535697778
0.1167300000  -0.0494234000  0.7602933333
0.1146810000  -0.0491285000  0.7670666667
0.1126420000  -0.0488290000  0.7738853333
0.1106140000  -0.0485250000  0.7807493333
0.1085980000  -0.0482165000  0.7876560000
0.1065940000  -0.0479035000  0.7946044444
0.1046010000  -0.0475860000  0.8015946667
0.1026210000  -0.0472640000  0.8086213333
0.1006530000  -0.0469374000  0.8156755556
0.0986980000  -0.0466064000  0.8227582222
0.0967557000  -0.0462709000  0.8298657778
0.0948266000  -0.0459309000  0.8369964444
0.0929110000  -0.0455864000  0.8441377778
0.0910090000  -0.0452375000  0.8512915556
0.0891210000  -0.0448841000  0.8584524444
0.0872471000  -0.0445263000  0.8656106667
0.0853876000  -0.0441640000  0.8727582222
0.0835427000  -0.0437974000  0.8798924444
0.0817128000  -0.0434263000  0.8870053333
0.0798979000  -0.0430509000  0.8940800000
0.0780983000  -0.0426711000  0.9011200000
0.0763144000  -0.0422870000  0.9081066667
0.0745462000  -0.0418986000  0.9150400000
0.0727940000  -0.0415058000  0.9218933333
0.0710581000  -0.0411087000  0.9286666667
0.0693387000  -0.0407074000  0.9353422222
0.0676359000  -0.0403018000  0.9418933333
0.0659501000  -0.0398921000  0.9483200000
0.0642813000  -0.0394781000  0.9546044444
0.0626299000  -0.0390599000  0.9607200000
0.0609961000  -0.0386376000  0.9666577778
0.0593800000  -0.0382111000  0.9723822222
0.0577818000  -0.0377806000  0.9778666667
0.0562018000  -0.0373460000  0.9831022222
0.0546402000  -0.0369073000  0.9880533333
0.0530971000  -0.0364646000  0.9926844444
0.0515728000  -0.0360179000  0.9969688889
0.0500675000  -0.0355673000  1.0008622222
0.0485813000  -0.0351127000  1.0043377778
0.0471144000  -0.0346542000  1.0073422222
0.0456671000  -0.0341919000  1.0098400000
0.0442395000  -0.0337257000  1.0117688889
0.0428317000  -0.0332556000  1.0130844444
0.0414441000  -0.0327819000  1.0137244444
0.0400766000  -0.0323043000  1.0136266667
0.0387296000  -0.0318231000  1.0127200000
0.0374032000  -0.0313381000  1.0109244444
0.0360976000  -0.0308495000  1.0081600000
0.0348129000  -0.0303573000  1.0043377778
0.0335493000  -0.0298615000  0.9993511111
0.0323069000  -0.0293622000  0.9931111111
0.0310860000  -0.0288594000  0.9854844444
0.0298866000  -0.0283530000  0.9763555556
0.0287090000  -0.0278433000  0.9655822222
0.0275532000  -0.0273301000  0.9530044444
0.0264195000  -0.0268135000  0.9384888889
0.0253079000  -0.0262937000  0.9218311111
0.0242186000  -0.0257705000  0.9028355556
0.0231518000  -0.0252440000  0.8813137778
0.0221075000  -0.0247143000  0.8570311111
0.0210860000  -0.0241814000  0.8297297778
0.0200873000  -0.0236454000  0.7991342222
0.0191116000  -0.0231062000  0.7649804444
0.0181591000  -0.0225640000  0.7269511111
0.0172297000  -0.0220187000  0.6846648889
0.0163236000  -0.0214703000  0.6378044444
0.0154411000  -0.0209190000  0.5859688889
0.0145820000  -0.0203648000  0.5286426667
0.0137467000  -0.0198076000  0.4654462222
0.0129352000  -0.0192475000  0.3959786667
0.0121475000  -0.0186847000  0.3195137778
0.0113838000  -0.0181190000  0.2355697778
0.0106443000  -0.0175505000  0.1437297778
0.0099288700  -0.0169793000  0.0432167111
0.0092377400  -0.0164054000  -0.0666239111
0.0085709800  -0.0158288000  -0.1863786667
0.0079286600  -0.0152495000  -0.3166506667
0.0073108700  -0.0146677000  -0.4581982222
0.0067176800  -0.0140833000  -0.6117573333
0.0061491800  -0.0134963000  -0.7778142222
0.0056054400  -0.0129069000  -0.9569866667
0.0050865200  -0.0123149000  -1.1499466667
0.0045924900  -0.0117206000  -1.3570400000
0.0041234200  -0.0111237000  -1.5785955556
0.0036793600  -0.0105246000  -1.8147288889
0.0032603700  -0.0099230100  -2.0656088889
0.0028665000  -0.0093191300  -2.3311466667
0.0024978100  -0.0087129600  -2.6106222222
0.0021543500  -0.0081045100  -2.9033600000
0.0018361500  -0.0074938200  -3.2084533333
0.0015432500  -0.0068809200  -3.5245511111
0.0012757000  -0.0062658300  -3.8499644444
0.0010335200  -0.0056485700  -4.1827022222
0.0008167600  -0.0050291800  -4.5204533333
0.0006254320  -0.0044076700  -4.8606933333
0.0004595640  -0.0037840800  -5.2007466667
0.0003191790  -0.0031584200  -5.5378044444
0.0002042940  -0.0025307300  -5.8690755556
0.0001149240  -0.0019010200  -6.1919377778
0.0000510801  -0.0012693100  -6.5041066667
0.0000127704  -0.0006356310  -6.8038666667
0.0000000000  0.0000000000  -7.0903200000
0.0000127704  0.0006356310  -7.3634044444
0.0000510801  0.0012693100  -7.6203822222
0.0001149240  0.0019010200  -7.8561777778
0.0002042940  0.0025307300  -8.0672977778
0.0003191790  0.0031584200  -8.2516977778
0.0004595640  0.0037840800  -8.4086666667
0.0006254320  0.0044076700  -8.5375555556
0.0008167600  0.0050291800  -8.6378666667
0.0010335200  0.0056485700  -8.7101244444
0.0012757000  0.0062658300  -8.7557333333
0.0015432500  0.0068809200  -8.7763377778
0.0018361500  0.0074938200  -8.7736977778
0.0021543500  0.0081045100  -8.7501155556
0.0024978100  0.0087129600  -8.7080088889
0.0028665000  0.0093191300  -8.6499555556
0.0032603700  0.0099230100  -8.5786844444
0.0036793600  0.0105246000  -8.4973333333
0.0041234200  0.0111237000  -8.4084533333
0.0045924900  0.0117206000  -8.3151555556
0.0050865200  0.0123149000  -8.2204355556
0.0056054400  0.0129069000  -8.1151733333
0.0061491800  0.0134963000  -7.9752533333
0.0067176800  0.0140833000  -7.7949333333
0.0073108700  0.0146677000  -7.6035822222
0.0079286600  0.0152495000  -7.4263555556
0.0085709800  0.0158288000  -7.2638222222
0.0092377400  0.0164054000  -7.1095644444
0.0099288700  0.0169793000  -6.9612177778
0.0106443000  0.0175505000  -6.8171733333
0.0113838000  0.0181190000  -6.6767200000
0.0121475000  0.0186847000  -6.5395733333
0.0129352000  0.0192475000  -6.4046044444
0.0137467000  0.0198076000  -6.2727022222
0.0145820000  0.0203648000  -6.1437155556
0.0154411000  0.0209190000  -6.0172711111
0.0163236000  0.0214703000  -5.8938400000
0.0172297000  0.0220187000  -5.7736444444
0.0181591000  0.0225640000  -5.6562933333
0.0191116000  0.0231062000  -5.5419555556
0.0200873000  0.0236454000  -5.4307555556
0.0210860000  0.0241814000  -5.3223911111
0.0221075000  0.0247143000  -5.2171733333
0.0231518000  0.0252440000  -5.1149422222
0.0242186000  0.0257705000  -5.0156266667
0.0253079000  0.0262937000  -4.9191733333
0.0264195000  0.0268135000  -4.8255555556
0.0275532000  0.0273301000  -4.7347111111
0.0287090000  0.0278433000  -4.6463377778
0.0298866000  0.0283530000  -4.5607200000
0.0310860000  0.0288594000  -4.4777155556
0.0323069000  0.0293622000  -4.3969244444
0.0335493000  0.0298615000  -4.3184088889
0.0348129000  0.0303573000  -4.2423022222
0.0360976000  0.0308495000  -4.1685333333
0.0374032000  0.0313381000  -4.0968888889
0.0387296000  0.0318231000  -4.0271644444
0.0400766000  0.0323043000  -3.9593866667
0.0414441000  0.0327819000  -3.8935911111
0.0428317000  0.0332556000  -3.8297511111
0.0442395000  0.0337257000  -3.7677066667
0.0456671000  0.0341919000  -3.7072177778
0.0471144000  0.0346542000  -3.6483288889
0.0485813000  0.0351127000  -3.5912266667
0.0500675000  0.0355673000  -3.5357155556
0.0515728000  0.0360179000  -3.4816355556
0.0530971000  0.0364646000  -3.4289511111
0.0546402000  0.0369073000  -3.3775822222
0.0562018000  0.0373460000  -3.3276000000
0.0577818000  0.0377806000  -3.2789422222
0.0593800000  0.0382111000  -3.2315644444
0.0609961000  0.0386376000  -3.1854133333
0.0626299000  0.0390599000  -3.1403466667
0.0642813000  0.0394781000  -3.0963644444
0.0659501000  0.0398921000  -3.0534400000
0.0676359000  0.0403018000  -3.0115555556
0.0693387000  0.0407074000  -2.9707555556
0.0710581000  0.0411087000  -2.9309688889
0.0727940000  0.0415058000  -2.8920977778
0.0745462000  0.0418986000  -2.8541155556
0.0763144000  0.0422870000  -2.8168977778
0.0780983000  0.0426711000  -2.7805333333
0.0798979000  0.0430509000  -2.7450133333
0.0817128000  0.0434263000  -2.7103555556
0.0835427000  0.0437974000  -2.6765244444
0.0853876000  0.0441640000  -2.6433777778
0.0872471000  0.0445263000  -2.6109511111
0.0891210000  0.0448841000  -2.5791822222
0.0910090000  0.0452375000  -2.5480533333
0.0929110000  0.0455864000  -2.5176000000
0.0948266000  0.0459309000  -2.4877600000
0.0967557000  0.0462709000  -2.4585688889
0.0986980000  0.0466064000  -2.4299911111
0.1006530000  0.0469374000  -2.4020266667
0.1026210000  0.0472640000  -2.3746044444
0.1046010000  0.0475860000  -2.3476711111
0.1065940000  0.0479035000  -2.3212444444
0.1085980000  0.0482165000  -2.2953244444
0.1106140000  0.0485250000  -2.2698933333
0.1126420000  0.0488290000  -2.2449777778
0.1146810000  0.0491285000  -2.2205333333
0.1167300000  0.0494234000  -2.1965688889
0.1187900000  0.0497138000  -2.1730755556
0.1208610000  0.0499997000  -2.1499555556
0.1229420000  0.0502811000  -2.1272533333
0.1250320000  0.0505579000  -2.1049511111
0.1271320000  0.0508303000  -2.0830488889
0.1292420000  0.0510982000  -2.0615377778
0.1313600000  0.0513615000  -2.0403644444
0.1334870000  0.0516204000  -2.0195822222
0.1356230000  0.0518747000  -1.9991822222
0.1377670000  0.0521247000  -1.9791200000
0.1399190000  0.0523701000  -1.9594133333
0.1420780000  0.0526111000  -1.9400355556
0.1442450000  0.0528476000  -1.9209688889
0.1464190000  0.0530798000  -1.9022044444
0.1486000000  0.0533075000  -1.8837244444
0.1507880000  0.0535308000  -1.8655377778
0.1529810000  0.0537497000  -1.8476533333
0.1551810000  0.0539643000  -1.8300444444
0.1573870000  0.0541745000  -1.8127555556
0.1595970000  0.0543804000  -1.7957155556
0.1618140000  0.0545820000  -1.7789511111
0.1640350000  0.0547793000  -1.7624533333
0.1662600000  0.0549723000  -1.7462044444
0.1684900000  0.0551611000  -1.7301955556
0.1707240000  0.0553457000  -1.7144177778
0.1729610000  0.0555261000  -1.6989066667
0.1752020000  0.0557023000  -1.6835911111
0.1774470000  0.0558744000  -1.6684977778
0.1796940000  0.0560423000  -1.6536444444
0.1819440000  0.0562062000  -1.6390044444
0.1841960000  0.0563660000  -1.6245955556
0.1864500000  0.0565217000  -1.6103911111
0.1887050000  0.0566735000  -1.5964000000
0.1909630000  0.0568213000  -1.5826133333
0.1932210000  0.0569652000  -1.5690222222
0.1954800000  0.0571051000  -1.5555911111
0.1977400000  0.0572412000  -1.5423822222
0.2000000000  0.0573734000  -1.5287200000
0.2026760000  0.0575250000  -1.5140177778
0.2053510000  0.0576714000  -1.4991377778
0.2080270000  0.0578126000  -1.4844266667
0.2107020000  0.0579488000  -1.4699555556
0.2133780000  0.0580799000  -1.4557244444
0.2160540000  0.0582061000  -1.4416711111
0.2187290000  0.0583274000  -1.4278666667
0.2214050000  0.0584439000  -1.4142400000
0.2240800000  0.0585557000  -1.4008088889
0.2267560000  0.0586629000  -1.3875822222
0.2294310000  0.0587654000  -1.3745333333
0.2321070000  0.0588635000  -1.3616888889
0.2347830000  0.0589571000  -1.3489955556
0.2374580000  0.0590463000  -1.3365066667
0.2401340000  0.0591311000  -1.3241600000
0.2428090000  0.0592117000  -1.3119911111
0.2454850000  0.0592881000  -1.3000088889
0.2481610000  0.0593603000  -1.2881511111
0.2508360000  0.0594283000  -1.2764444444
0.2535120000  0.0594924000  -1.2648888889
0.2561870000  0.0595524000  -1.2534755556
0.2588630000  0.0596085000  -1.2421955556
0.2615380000  0.0596606000  -1.2310488889
0.2642140000  0.0597089000  -1.2200355556
0.2668900000  0.0597534000  -1.2091555556
0.2695650000  0.0597942000  -1.1984266667
0.2722410000  0.0598312000  -1.1878044444
0.2749160000  0.0598646000  -1.1773155556
0.2775920000  0.0598944000  -1.1669422222
0.2802680000  0.0599205000  -1.1566755556
0.2829430000  0.0599432000  -1.1465244444
0.2856190000  0.0599623000  -1.1364800000
0.2882940000  0.0599780000  -1.1265422222
0.2909700000  0.0599903000  -1.1167111111
0.2936450000  0.0599992000  -1.1069777778
0.2963210000  0.0600048000  -1.0973511111
0.2989970000  0.0600070000  -1.0878222222
0.3016720000  0.0600061000  -1.0783911111
0.3043480000  0.0600019000  -1.0690666667
0.3070230000  0.0599945000  -1.0598311111
0.3096990000  0.0599840000  -1.0506844444
0.3123750000  0.0599703000  -1.0416266667
0.3150500000  0.0599536000  -1.0326488889
0.3177260000  0.0599338000  -1.0237688889
0.3204010000  0.0599111000  -1.0149777778
0.3230770000  0.0598853000  -1.0062488889
0.3257530000  0.0598566000  -0.9976088889
0.3284280000  0.0598250000  -0.9890488889
0.3311040000  0.0597905000  -0.9805600000
0.3337790000  0.0597531000  -0.9721422222
0.3364550000  0.0597129000  -0.9638044444
0.3391300000  0.0596700000  -0.9555466667
0.3418060000  0.0596242000  -0.9473600000
0.3444820000  0.0595758000  -0.9392533333
0.3471570000  0.0595246000  -0.9312088889
0.3498330000  0.0594707000  -0.9232266667
0.3525080000  0.0594142000  -0.9153155556
0.3551840000  0.0593551000  -0.9074755556
0.3578600000  0.0592934000  -0.8997066667
0.3605350000  0.0592291000  -0.8919911111
0.3632110000  0.0591622000  -0.8843288889
0.3658860000  0.0590928000  -0.8767288889
0.3685620000  0.0590210000  -0.8691937778
0.3712370000  0.0589466000  -0.8617200000
0.3739130000  0.0588699000  -0.8542968889
0.3765890000  0.0587907000  -0.8469440000
0.3792640000  0.0587090000  -0.8396302222
0.3819400000  0.0586251000  -0.8323813333
0.3846150000  0.0585387000  -0.8251866667
0.3872910000  0.0584501000  -0.8180408889
0.3899670000  0.0583591000  -0.8109671111
0.3926420000  0.0582659000  -0.8039297778
0.3953180000  0.0581704000  -0.7969440000
0.3979930000  0.0580726000  -0.7900142222
0.4006690000  0.0579727000  -0.7831306667
0.4033440000  0.0578705000  -0.7762951111
0.4060200000  0.0577661000  -0.7694986667
0.4086960000  0.0576596000  -0.7627653333
0.4113710000  0.0575510000  -0.7560675556
0.4140470000  0.0574402000  -0.7494186667
0.4167220000  0.0573274000  -0.7428142222
0.4193980000  0.0572124000  -0.7362453333
0.4220740000  0.0570954000  -0.7297377778
0.4247490000  0.0569764000  -0.7232560000
0.4274250000  0.0568553000  -0.7168231111
0.4301000000  0.0567322000  -0.7104346667
0.4327760000  0.0566072000  -0.7040817778
0.4354520000  0.0564801000  -0.6977831111
0.4381270000  0.0563512000  -0.6915102222
0.4408030000  0.0562202000  -0.6852817778
0.4434780000  0.0560874000  -0.6790915556
0.4461540000  0.0559527000  -0.6729448889
0.4488290000  0.0558161000  -0.6668355556
0.4515050000  0.0556776000  -0.6607502222
0.4541810000  0.0555372000  -0.6547182222
0.4568560000  0.0553951000  -0.6487128889
0.4595320000  0.0552511000  -0.6427466667
0.4622070000  0.0551053000  -0.6368133333
0.4648830000  0.0549577000  -0.6309093333
0.4675590000  0.0548083000  -0.6250542222
0.4702340000  0.0546572000  -0.6192160000
0.4729100000  0.0545043000  -0.6134186667
0.4755850000  0.0543497000  -0.6076533333
0.4782610000  0.0541934000  -0.6019217778
0.4809360000  0.0540354000  -0.5962257778
0.4836120000  0.0538757000  -0.5905520000
0.4862880000  0.0537143000  -0.5849244444
0.4889630000  0.0535513000  -0.5793155556
0.4916390000  0.0533866000  -0.5737431111
0.4943140000  0.0532203000  -0.5681991111
0.4969900000  0.0530524000  -0.5626817778
0.4996660000  0.0528828000  -0.5572071111
0.5023410000  0.0527117000  -0.5517448889
0.5050170000  0.0525389000  -0.5463137778
0.5076920000  0.0523646000  -0.5409155556
0.5103680000  0.0521888000  -0.5355457778
0.5130430000  0.0520114000  -0.5302071111
0.5157190000  0.0518325000  -0.5248862222
0.5183950000  0.0516520000  -0.5196062222
0.5210700000  0.0514700000  -0.5143377778
0.5237460000  0.0512866000  -0.5091031111
0.5264210000  0.0511016000  -0.5038986667
0.5290970000  0.0509152000  -0.4987084444
0.5317730000  0.0507273000  -0.4935644444
0.5344480000  0.0505379000  -0.4884284444
0.5371240000  0.0503471000  -0.4833208889
0.5397990000  0.0501549000  -0.4782435556
0.5424750000  0.0499612000  -0.4731813333
0.5451510000  0.0497661000  -0.4681600000
0.5478260000  0.0495697000  -0.4631493333
0.5505020000  0.0493718000  -0.4581706667
0.5531770000  0.0491725000  -0.4532115556
0.5558530000  0.0489719000  -0.4482746667
0.5585280000  0.0487699000  -0.4433697778
0.5612040000  0.0485665000  -0.4384773333
0.5638800000  0.0483618000  -0.4336213333
0.5665550000  0.0481557000  -0.4287742222
0.5692310000  0.0479483000  -0.4239564444
0.5719060000  0.0477396000  -0.4191635556
0.5745820000  0.0475296000  -0.4143857778
0.5772580000  0.0473183000  -0.4096453333
0.5799330000  0.0471056000  -0.4049102222
0.5826090000  0.0468917000  -0.4002062222
0.5852840000  0.0466765000  -0.3955262222
0.5879600000  0.0464601000  -0.3908640000
0.5906350000  0.0462423000  -0.3862266667
0.5933110000  0.0460233000  -0.3816053333
0.5959870000  0.0458031000  -0.3770204444
0.5986620000  0.0455816000  -0.3724426667
0.6013380000  0.0453589000  -0.3678915556
0.6040130000  0.0451349000  -0.3633644444
0.6066890000  0.0449098000  -0.3588524444
0.6093650000  0.0446834000  -0.3543742222
0.6120400000  0.0444558000  -0.3499048889
0.6147160000  0.0442270000  -0.3454622222
0.6173910000  0.0439970000  -0.3410408889
0.6200670000  0.0437658000  -0.3366382222
0.6227420000  0.0435334000  -0.3322613333
0.6254180000  0.0432999000  -0.3278986667
0.6280940000  0.0430651000  -0.3235697778
0.6307690000  0.0428293000  -0.3192515556
0.6334450000  0.0425922000  -0.3149582222
0.6361200000  0.0423540000  -0.3106888889
0.6387960000  0.0421147000  -0.3064337778
0.6414720000  0.0418742000  -0.3022133333
0.6441470000  0.0416326000  -0.2980035556
0.6468230000  0.0413898000  -0.2938186667
0.6494980000  0.0411459000  -0.2896551111
0.6521740000  0.0409009000  -0.2855146667
0.6548490000  0.0406548000  -0.2813982222
0.6575250000  0.0404075000  -0.2772968889
0.6602010000  0.0401592000  -0.2732293333
0.6628760000  0.0399097000  -0.2691742222
0.6655520000  0.0396591000  -0.2651448889
0.6682270000  0.0394075000  -0.2611386667
0.6709030000  0.0391547000  -0.2571511111
0.6735790000  0.0389009000  -0.2531955556
0.6762540000  0.0386460000  -0.2492551111
0.6789300000  0.0383900000  -0.2453404444
0.6816050000  0.0381329000  -0.2414480000
0.6842810000  0.0378747000  -0.2375742222
0.6869570000  0.0376155000  -0.2337351111
0.6896320000  0.0373552000  -0.2299084444
0.6923080000  0.0370938000  -0.2261111111
0.6949830000  0.0368314000  -0.2223360000
0.6976590000  0.0365679000  -0.2185848889
0.7003340000  0.0363034000  -0.2148604444
0.7030100000  0.0360378000  -0.2111564444
0.7056860000  0.0357712000  -0.2074871111
0.7083610000  0.0355035000  -0.2038311111
0.7110370000  0.0352348000  -0.2002053333
0.7137120000  0.0349650000  -0.1966062222
0.7163880000  0.0346942000  -0.1930275556
0.7190640000  0.0344224000  -0.1894844444
0.7217390000  0.0341495000  -0.1859582222
0.7244150000  0.0338756000  -0.1824604444
0.7270900000  0.0336006000  -0.1789902222
0.7297660000  0.0333247000  -0.1755466667
0.7324410000  0.0330477000  -0.1721297778
0.7351170000  0.0327696000  -0.1687360000
0.7377930000  0.0324906000  -0.1653777778
0.7404680000  0.0322105000  -0.1620391111
0.7431440000  0.0319294000  -0.1587306667
0.7458190000  0.0316473000  -0.1554506667
0.7484950000  0.0313641000  -0.1521946667
0.7511710000  0.0310799000  -0.1489751111
0.7538460000  0.0307948000  -0.1457760000
0.7565220000  0.0305085000  -0.1426088889
0.7591970000  0.0302213000  -0.1394702222
0.7618730000  0.0299331000  -0.1363600000
0.7645480000  0.0296438000  -0.1332791111
0.7672240000  0.0293535000  -0.1302257778
0.7699000000  0.0290622000  -0.1272062222
0.7725750000  0.0287699000  -0.1242115556
0.7752510000  0.0284766000  -0.1212497778
0.7779260000  0.0281823000  -0.1183173333
0.7806020000  0.0278869000  -0.1154115556
0.7832780000  0.0275905000  -0.1125413333
0.7859530000  0.0272931000  -0.1096968889
0.7886290000  0.0269947000  -0.1068853333
0.7913040000  0.0266953000  -0.1041048889
0.7939800000  0.0263948000  -0.1013511111
0.7966560000  0.0260934000  -0.0986337778
0.7993310000  0.0257909000  -0.0959440000
0.8020070000  0.0254874000  -0.0932853333
0.8046820000  0.0251828000  -0.0906577778
0.8073580000  0.0248773000  -0.0880609778
0.8100330000  0.0245707000  -0.0854963556
0.8127090000  0.0242631000  -0.0829599111
0.8153850000  0.0239544000  -0.0804582222
0.8180600000  0.0236447000  -0.0779839111
0.8207360000  0.0233340000  -0.0755432889
0.8234110000  0.0230223000  -0.0731329778
0.8260870000  0.0227095000  -0.0707511111
0.8287630000  0.0223957000  -0.0684052444
0.8314380000  0.0220809000  -0.0660858667
0.8341140000  0.0217650000  -0.0637994667
0.8367890000  0.0214481000  -0.0615432889
0.8394650000  0.0211301000  -0.0593173333
0.8421400000  0.0208111000  -0.0571232000
0.8448160000  0.0204910000  -0.0549570667
0.8474920000  0.0201699000  -0.0528248000
0.8501670000  0.0198477000  -0.0507202667
0.8528430000  0.0195245000  -0.0486468444
0.8555180000  0.0192002000  -0.0466036444
0.8581940000  0.0188748000  -0.0445882667
0.8608700000  0.0185484000  -0.0426049778
0.8635450000  0.0182209000  -0.0406495111
0.8662210000  0.0178924000  -0.0387233778
0.8688960000  0.0175627000  -0.0368258667
0.8715720000  0.0172320000  -0.0349573333
0.8742470000  0.0169002000  -0.0331176889
0.8769230000  0.0165673000  -0.0313044444
0.8795990000  0.0162333000  -0.0295214222
0.8822740000  0.0158983000  -0.0277641778
0.8849500000  0.0155621000  -0.0260350222
0.8876250000  0.0152248000  -0.0243335111
0.8903010000  0.0148864000  -0.0226572444
0.8929770000  0.0145469000  -0.0210095111
0.8956520000  0.0142063000  -0.0193872889
0.8983280000  0.0138646000  -0.0177908444
0.9010030000  0.0135218000  -0.0162203556
0.9036790000  0.0131778000  -0.0146743111
0.9063550000  0.0128327000  -0.0131542222
0.9090300000  0.0124865000  -0.0116579556
0.9117060000  0.0121391000  -0.0101864889
0.9143810000  0.0117906000  -0.0087383467
0.9170570000  0.0114409000  -0.0073142133
0.9197320000  0.0110901000  -0.0059131200
0.9224080000  0.0107381000  -0.0045339378
0.9250840000  0.0103850000  -0.0031782311
0.9277590000  0.0100306000  -0.0018439556
0.9304350000  0.0096751500  -0.0005317680
0.9331100000  0.0093184700  0.0007591991
0.9357860000  0.0089606000  0.0020296267
0.9384620000  0.0086015500  0.0032788178
0.9411370000  0.0082412900  0.0045083378
0.9438130000  0.0078798300  0.0057175200
0.9464880000  0.0075171600  0.0069079200
0.9491640000  0.0071532800  0.0080788089
0.9518390000  0.0067881700  0.0092321778
0.9545150000  0.0064218400  0.0103662222
0.9571910000  0.0060542700  0.0114853333
0.9598660000  0.0056854600  0.0125831111
0.9625420000  0.0053154100  0.0136713778
0.9652170000  0.0049441000  0.0147328000
0.9678930000  0.0045715400  0.0157966222
0.9705690000  0.0041977000  0.0168187556
0.9732440000  0.0038226000  0.0178704889
0.9759200000  0.0034462100  0.0188425778
0.9785950000  0.0030685400  0.0199114667
0.9812710000  0.0026895800  0.0208016889
0.9839460000  0.0023093100  0.0219562667
0.9866220000  0.0019277400  0.0226805333
0.9892980000  0.0015448500  0.0240907556
0.9919730000  0.0011606400  0.0244490667
0.9946490000  0.0007750980  0.0263854222
0.9973240000  0.0003882210  0.0249660444
1.0000000000  0.0000000000  0.0057942489
0.2026760000  -0.0575250000  0.5418915556
0.2053510000  -0.0576714000  0.5367235556
0.2080270000  -0.0578126000  0.5316488889
0.2107020000  -0.0579488000  0.5266435556
0.2133780000  -0.0580799000  0.5217084444
0.2160540000  -0.0582061000  0.5168568889
0.2187290000  -0.0583274000  0.5120613333
0.2214050000  -0.0584439000  0.5073395556
0.2240800000  -0.0585557000  0.5026800000
0.2267560000  -0.0586629000  0.4980773333
0.2294310000  -0.0587654000  0.4935395556
0.2321070000  -0.0588635000  0.4890533333
0.2347830000  -0.0589571000  0.4846311111
0.2374580000  -0.0590463000  0.4802577778
0.2401340000  -0.0591311000  0.4759493333
0.2428090000  -0.0592117000  0.4717066667
0.2454850000  -0.0592881000  0.4675315556
0.2481610000  -0.0593603000  0.4634595556
0.2508360000  -0.0594283000  0.4595031111
0.2535120000  -0.0594924000  0.4556800000
0.2561870000  -0.0595524000  0.4519955556
0.2588630000  -0.0596085000  0.4484577778
0.2615380000  -0.0596606000  0.4450515556
0.2642140000  -0.0597089000  0.4417324444
0.2668900000  -0.0597534000  0.4384311111
0.2695650000  -0.0597942000  0.4350728889
0.2722410000  -0.0598312000  0.4316542222
0.2749160000  -0.0598646000  0.4281866667
0.2775920000  -0.0598944000  0.4246960000
0.2802680000  -0.0599205000  0.4212160000
0.2829430000  -0.0599432000  0.4177617778
0.2856190000  -0.0599623000  0.4143484444
0.2882940000  -0.0599780000  0.4109822222
0.2909700000  -0.0599903000  0.4076542222
0.2936450000  -0.0599992000  0.4043680000
0.2963210000  -0.0600048000  0.4011253333
0.2989970000  -0.0600070000  0.3979271111
0.3016720000  -0.0600061000  0.3947715556
0.3043480000  -0.0600019000  0.3916497778
0.3070230000  -0.0599945000  0.3885742222
0.3096990000  -0.0599840000  0.3855457778
0.3123750000  -0.0599703000  0.3825502222
0.3150500000  -0.0599536000  0.3795920000
0.3177260000  -0.0599338000  0.3766586667
0.3204010000  -0.0599111000  0.3737564444
0.3230770000  -0.0598853000  0.3708977778
0.3257530000  -0.0598566000  0.3680693333
0.3284280000  -0.0598250000  0.3652791111
0.3311040000  -0.0597905000  0.3625271111
0.3337790000  -0.0597531000  0.3598115556
0.3364550000  -0.0597129000  0.3571271111
0.3391300000  -0.0596700000  0.3544675556
0.3418060000  -0.0596242000  0.3518311111
0.3444820000  -0.0595758000  0.3492248889
0.3471570000  -0.0595246000  0.3466533333
0.3498330000  -0.0594707000  0.3441164444
0.3525080000  -0.0594142000  0.3416115556
0.3551840000  -0.0593551000  0.3391280000
0.3578600000  -0.0592934000  0.3366684444
0.3605350000  -0.0592291000  0.3342542222
0.3632110000  -0.0591622000  0.3318648889
0.3658860000  -0.0590928000  0.3294995556
0.3685620000  -0.0590210000  0.3271520000
0.3712370000  -0.0589466000  0.3248275556
0.3739130000  -0.0588699000  0.3225333333
0.3765890000  -0.0587907000  0.3202524444
0.3792640000  -0.0587090000  0.3180186667
0.3819400000  -0.0586251000  0.3158008889
0.3846150000  -0.0585387000  0.3136106667
0.3872910000  -0.0584501000  0.3114488889
0.3899670000  -0.0583591000  0.3092906667
0.3926420000  -0.0582659000  0.3071715556
0.3953180000  -0.0581704000  0.3050693333
0.3979930000  -0.0580726000  0.3029840000
0.4006690000  -0.0579727000  0.3009208889
0.4033440000  -0.0578705000  0.2988782222
0.4060200000  -0.0577661000  0.2968657778
0.4086960000  -0.0576596000  0.2948604444
0.4113710000  -0.0575510000  0.2928826667
0.4140470000  -0.0574402000  0.2909217778
0.4167220000  -0.0573274000  0.2889831111
0.4193980000  -0.0572124000  0.2870702222
0.4220740000  -0.0570954000  0.2851626667
0.4247490000  -0.0569764000  0.2832888889
0.4274250000  -0.0568553000  0.2814248889
0.4301000000  -0.0567322000  0.2795804444
0.4327760000  -0.0566072000  0.2777537778
0.4354520000  -0.0564801000  0.2759288889
0.4381270000  -0.0563512000  0.2741377778
0.4408030000  -0.0562202000  0.2723573333
0.4434780000  -0.0560874000  0.2705982222
0.4461540000  -0.0559527000  0.2688453333
0.4488290000  -0.0558161000  0.2671075556
0.4515050000  -0.0556776000  0.2654026667
0.4541810000  -0.0555372000  0.2636960000
0.4568560000  -0.0553951000  0.2620168889
0.4595320000  -0.0552511000  0.2603475556
0.4622070000  -0.0551053000  0.2586968889
0.4648830000  -0.0549577000  0.2570622222
0.4675590000  -0.0548083000  0.2554257778
0.4702340000  -0.0546572000  0.2538248889
0.4729100000  -0.0545043000  0.2522266667
0.4755850000  -0.0543497000  0.2506444444
0.4782610000  -0.0541934000  0.2490693333
0.4809360000  -0.0540354000  0.2475057778
0.4836120000  -0.0538757000  0.2459653333
0.4862880000  -0.0537143000  0.2444195556
0.4889630000  -0.0535513000  0.2429022222
0.4916390000  -0.0533866000  0.2413902222
0.4943140000  -0.0532203000  0.2398951111
0.4969900000  -0.0530524000  0.2384133333
0.4996660000  -0.0528828000  0.2369244444
0.5023410000  -0.0527117000  0.2354728889
0.5050170000  -0.0525389000  0.2340337778
0.5076920000  -0.0523646000  0.2325982222
0.5103680000  -0.0521888000  0.2311653333
0.5130430000  -0.0520114000  0.2297457778
0.5157190000  -0.0518325000  0.2283440000
0.5183950000  -0.0516520000  0.2269324444
0.5210700000  -0.0514700000  0.2255573333
0.5237460000  -0.0512866000  0.2241813333
0.5264210000  -0.0511016000  0.2228088889
0.5290970000  -0.0509152000  0.2214595556
0.5317730000  -0.0507273000  0.2200906667
0.5344480000  -0.0505379000  0.2187617778
0.5371240000  -0.0503471000  0.2174364444
0.5397990000  -0.0501549000  0.2161137778
0.5424750000  -0.0499612000  0.2148124444
0.5451510000  -0.0497661000  0.2134897778
0.5478260000  -0.0495697000  0.2122035556
0.5505020000  -0.0493718000  0.2109164444
0.5531770000  -0.0491725000  0.2096444444
0.5558530000  -0.0489719000  0.2083813333
0.5585280000  -0.0487699000  0.2071155556
0.5612040000  -0.0485665000  0.2058711111
0.5638800000  -0.0483618000  0.2046115556
0.5665550000  -0.0481557000  0.2033902222
0.5692310000  -0.0479483000  0.2021635556
0.5719060000  -0.0477396000  0.2009386667
0.5745820000  -0.0475296000  0.1997315556
0.5772580000  -0.0473183000  0.1985013333
0.5799330000  -0.0471056000  0.1973182222
0.5826090000  -0.0468917000  0.1961262222
0.5852840000  -0.0466765000  0.1949360000
0.5879600000  -0.0464601000  0.1937546667
0.5906350000  -0.0462423000  0.1925822222
0.5933110000  -0.0460233000  0.1914257778
0.5959870000  -0.0458031000  0.1902417778
0.5986620000  -0.0455816000  0.1890995556
0.6013380000  -0.0453589000  0.1879511111
0.6040130000  -0.0451349000  0.1868097778
0.6066890000  -0.0449098000  0.1856817778
0.6093650000  -0.0446834000  0.1845288889
0.6120400000  -0.0444558000  0.1834177778
0.6147160000  -0.0442270000  0.1823004444
0.6173910000  -0.0439970000  0.1811911111
0.6200670000  -0.0437658000  0.1800880000
0.6227420000  -0.0435334000  0.1789875556
0.6254180000  -0.0432999000  0.1779022222
0.6280940000  -0.0430651000  0.1767902222
0.6307690000  -0.0428293000  0.1757164444
0.6334450000  -0.0425922000  0.1746364444
0.6361200000  -0.0423540000  0.1735600000
0.6387960000  -0.0421147000  0.1725004444
0.6414720000  -0.0418742000  0.1714071111
0.6441470000  -0.0416326000  0.1703520000
0.6468230000  -0.0413898000  0.1692995556
0.6494980000  -0.0411459000  0.1682551111
0.6521740000  -0.0409009000  0.1672062222
0.6548490000  -0.0406548000  0.1661573333
0.6575250000  -0.0404075000  0.1651271111
0.6602010000  -0.0401592000  0.1640720000
0.6628760000  -0.0399097000  0.1630533333
0.6655520000  -0.0396591000  0.1620293333
0.6682270000  -0.0394075000  0.1610080000
0.6709030000  -0.0391547000  0.1599982222
0.6735790000  -0.0389009000  0.1589591111
0.6762540000  -0.0386460000  0.1579564444
0.6789300000  -0.0383900000  0.1569475556
0.6816050000  -0.0381329000  0.1559502222
0.6842810000  -0.0378747000  0.1549644444
0.6869570000  -0.0376155000  0.1539395556
0.6896320000  -0.0373552000  0.1529653333
0.6923080000  -0.0370938000  0.1519804444
0.6949830000  -0.0368314000  0.1509937778
0.6976590000  -0.0365679000  0.1500151111
0.7003340000  -0.0363034000  0.1490373333
0.7030100000  -0.0360378000  0.1480684444
0.7056860000  -0.0357712000  0.1470666667
0.7083610000  -0.0355035000  0.1461146667
0.7110370000  -0.0352348000  0.1451466667
0.7137120000  -0.0349650000  0.1441813333
0.7163880000  -0.0346942000  0.1432364444
0.7190640000  -0.0344224000  0.1422480000
0.7217390000  -0.0341495000  0.1413048889
0.7244150000  -0.0338756000  0.1403564444
0.7270900000  -0.0336006000  0.1394062222
0.7297660000  -0.0333247000  0.1384586667
0.7324410000  -0.0330477000  0.1375120000
0.7351170000  -0.0327696000  0.1365813333
0.7377930000  -0.0324906000  0.1356168889
0.7404680000  -0.0322105000  0.1346933333
0.7431440000  -0.0319294000  0.1337564444
0.7458190000  -0.0316473000  0.1328240000
0.7484950000  -0.0313641000  0.1319066667
0.7511710000  -0.0310799000  0.1309528889
0.7538460000  -0.0307948000  0.1300400000
0.7565220000  -0.0305085000  0.1291155556
0.7591970000  -0.0302213000  0.1281991111
0.7618730000  -0.0299331000  0.1272764444
0.7645480000  -0.0296438000  0.1263608889
0.7672240000  -0.0293535000  0.1254604444
0.7699000000  -0.0290622000  0.1245200000
0.7725750000  -0.0287699000  0.1236231111
0.7752510000  -0.0284766000  0.1227093333
0.7779260000  -0.0281823000  0.1217991111
0.7806020000  -0.0278869000  0.1209013333
0.7832780000  -0.0275905000  0.1199724444
0.7859530000  -0.0272931000  0.1190915556
0.7886290000  -0.0269947000  0.1181822222
0.7913040000  -0.0266953000  0.1172791111
0.7939800000  -0.0263948000  0.1163964444
0.7966560000  -0.0260934000  0.1154648889
0.7993310000  -0.0257909000  0.1145768889
0.8020070000  -0.0254874000  0.1136808889
0.8046820000  -0.0251828000  0.1127955556
0.8073580000  -0.0248773000  0.1118995556
0.8100330000  -0.0245707000  0.1110026667
0.8127090000  -0.0242631000  0.1101253333
0.8153850000  -0.0239544000  0.1092053333
0.8180600000  -0.0236447000  0.1083395556
0.8207360000  -0.0233340000  0.1074515556
0.8234110000  -0.0230223000  0.1065564444
0.8260870000  -0.0227095000  0.1056835556
0.8287630000  -0.0223957000  0.1047644444
0.8314380000  -0.0220809000  0.1038924444
0.8341140000  -0.0217650000  0.1029973333
0.8367890000  -0.0214481000  0.1021084444
0.8394650000  -0.0211301000  0.1012284444
0.8421400000  -0.0208111000  0.1003404444
0.8448160000  -0.0204910000  0.0994640000
0.8474920000  -0.0201699000  0.0985431111
0.8501670000  -0.0198477000  0.0976720000
0.8528430000  -0.0195245000  0.0967786667
0.8555180000  -0.0192002000  0.0958862222
0.8581940000  -0.0188748000  0.0950151111
0.8608700000  -0.0185484000  0.0940897778
0.8635450000  -0.0182209000  0.0932088889
0.8662210000  -0.0178924000  0.0923111111
0.8688960000  -0.0175627000  0.0914133333
0.8715720000  -0.0172320000  0.0905173333
0.8742470000  -0.0169002000  0.0896142222
0.8769230000  -0.0165673000  0.0887277333
0.8795990000  -0.0162333000  0.0877848889
0.8822740000  -0.0158983000  0.0868889778
0.8849500000  -0.0155621000  0.0859704889
0.8876250000  -0.0152248000  0.0850570667
0.8903010000  -0.0148864000  0.0841560000
0.8929770000  -0.0145469000  0.0831914667
0.8956520000  -0.0142063000  0.0822798222
0.8983280000  -0.0138646000  0.0813394667
0.9010030000  -0.0135218000  0.0803904000
0.9036790000  -0.0131778000  0.0794545778
0.9063550000  -0.0128327000  0.0784575111
0.9090300000  -0.0124865000  0.0775079111
0.9117060000  -0.0121391000  0.0765306667
0.9143810000  -0.0117906000  0.0755448889
0.9170570000  -0.0114409000  0.0745477333
0.9197320000  -0.0110901000  0.0735409778
0.9224080000  -0.0107381000  0.0725256000
0.9250840000  -0.0103850000  0.0714497778
0.9277590000  -0.0100306000  0.0704201778
0.9304350000  -0.0096751500  0.0693410667
0.9331100000  -0.0093184700  0.0682484444
0.9357860000  -0.0089606000  0.0671466667
0.9384620000  -0.0086015500  0.0659685333
0.9411370000  -0.0082412900  0.0648202667
0.9438130000  -0.0078798300  0.0636211556
0.9464880000  -0.0075171600  0.0623887111
0.9491640000  -0.0071532800  0.0611190222
0.9518390000  -0.0067881700  0.0598021333
0.9545150000  -0.0064218400  0.0584525333
0.9571910000  -0.0060542700  0.0569935111
0.9598660000  -0.0056854600  0.0555288889
0.9625420000  -0.0053154100  0.0539709333
0.9652170000  -0.0049441000  0.0523248000
0.9678930000  -0.0045715400  0.0505969778
0.9705690000  -0.0041977000  0.0486957333
0.9732440000  -0.0038226000  0.0467155556
0.9759200000  -0.0034462100  0.0445412444
0.9785950000  -0.0030685400  0.0421642667
0.9812710000  -0.0026895800  0.0395130667
0.9839460000  -0.0023093100  0.0365496000
0.9866220000  -0.0019277400  0.0330533333
0.9892980000  -0.0015448500  0.0290776889
0.9919730000  -0.0011606400  0.0234912000
0.9946490000  -0.0007750980  0.0176995556
0.9973240000  -0.0003882210  0.0033758133
