# Force coefficients
# liftDir       : (0.00000000e+00 1.00000000e+00 0.00000000e+00)
# dragDir       : (1.00000000e+00 0.00000000e+00 0.00000000e+00)
# pitchAxis     : (0.00000000e+00 0.00000000e+00 1.00000000e+00)
# magUInf       : 1.50000000e+01
# lRef          : 1.00000000e+00
# Aref          : 1.00000000e-02
# CofR          : (2.50000000e-01 0.00000000e+00 0.00000000e+00)
# Time          	Cm              	Cd              	Cl              	Cl(f)           	Cl(r)           
0               	-9.63656528e-03	5.09227061e-01	1.28193570e-03	-8.99559743e-03	1.02775331e-02
1               	5.78954163e-01	1.25888336e+00	3.83532645e-01	7.70720486e-01	-3.87187841e-01
2               	7.12012261e-01	1.23697984e+00	4.99954964e-01	9.61989742e-01	-4.62034779e-01
3               	6.39928482e-01	9.33444015e-01	4.69931482e-01	8.74894223e-01	-4.04962741e-01
4               	4.30725966e-01	5.12508689e-01	3.44593386e-01	6.03022659e-01	-2.58429273e-01
5               	1.88633411e-01	1.25325120e-01	2.11368713e-01	2.94317767e-01	-8.29490542e-02
6               	-1.13535038e-02	-1.40179162e-01	1.16506950e-01	4.68999711e-02	6.96069788e-02
7               	-1.15057429e-01	-2.58470127e-01	1.03542814e-01	-6.32860219e-02	1.66828836e-01
8               	-1.37592661e-01	-2.54438406e-01	1.30707426e-01	-7.22389476e-02	2.02946373e-01
9               	-1.19611798e-01	-1.80364961e-01	1.40778653e-01	-4.92224712e-02	1.90001124e-01
10              	-4.84457140e-02	-6.65228279e-02	1.64504454e-01	3.38065130e-02	1.30697941e-01
11              	3.03737092e-02	3.04955654e-02	1.77889275e-01	1.19318346e-01	5.85709281e-02
12              	8.98420742e-02	9.14552050e-02	1.71094233e-01	1.75389191e-01	-4.29495773e-03
13              	1.28835996e-01	1.19084138e-01	1.65284991e-01	2.11478492e-01	-4.61935008e-02
14              	1.42039466e-01	1.17000562e-01	1.57662409e-01	2.20870670e-01	-6.32082610e-02
15              	1.39979687e-01	1.00691664e-01	1.63382488e-01	2.21670931e-01	-5.82884432e-02
16              	1.29543386e-01	7.89823874e-02	1.81979560e-01	2.20533166e-01	-3.85536060e-02
17              	1.11232153e-01	5.38825890e-02	2.05775760e-01	2.14120033e-01	-8.34427312e-03
18              	9.08872101e-02	3.18111824e-02	2.20244104e-01	2.01009262e-01	1.92348420e-02
19              	7.63849016e-02	1.76426857e-02	2.27376707e-01	1.90073255e-01	3.73034519e-02
20              	6.72351637e-02	1.01117004e-02	2.24328380e-01	1.79399354e-01	4.49290264e-02
21              	6.42154834e-02	8.95759077e-03	2.16272495e-01	1.72351731e-01	4.39207641e-02
22              	6.46401957e-02	1.12565550e-02	1.99338776e-01	1.64309584e-01	3.50291921e-02
23              	6.90819305e-02	1.60951071e-02	1.84512719e-01	1.61338290e-01	2.31744290e-02
24              	7.59850181e-02	2.16676188e-02	1.77006606e-01	1.64488321e-01	1.25182848e-02
25              	8.37200244e-02	2.67245523e-02	1.78131319e-01	1.72785684e-01	5.34563528e-03
26              	9.04706458e-02	3.02447254e-02	1.86077282e-01	1.83509287e-01	2.56799506e-03
27              	9.57281241e-02	3.21609240e-02	1.98781540e-01	1.95118894e-01	3.66264609e-03
28              	9.95118781e-02	3.26664798e-02	2.15237775e-01	2.07130766e-01	8.10700941e-03
29              	1.00665246e-01	3.16218920e-02	2.28901137e-01	2.15115815e-01	1.37853219e-02
30              	9.97422463e-02	2.97206800e-02	2.37192419e-01	2.18338456e-01	1.88539632e-02
31              	9.75599587e-02	2.73865480e-02	2.41657320e-01	2.18388619e-01	2.32687013e-02
32              	9.46918512e-02	2.49670926e-02	2.42521458e-01	2.15952580e-01	2.65688776e-02
33              	9.18470275e-02	2.28644260e-02	2.40597975e-01	2.12146015e-01	2.84519599e-02
34              	8.97135012e-02	2.13590977e-02	2.37651422e-01	2.08539212e-01	2.91122098e-02
35              	8.81804993e-02	2.02999339e-02	2.33926748e-01	2.05143873e-01	2.87828745e-02
36              	8.76455331e-02	1.97958782e-02	2.31099123e-01	2.03195095e-01	2.79040286e-02
37              	8.79962631e-02	1.97195899e-02	2.29995714e-01	2.02994120e-01	2.70015939e-02
38              	8.89686525e-02	1.99527526e-02	2.30085554e-01	2.04011430e-01	2.60741247e-02
39              	9.06427445e-02	2.05246363e-02	2.31673974e-01	2.06479731e-01	2.51942423e-02
40              	9.26505530e-02	2.12103869e-02	2.34883493e-01	2.10092300e-01	2.47911936e-02
41              	9.46334107e-02	2.18208362e-02	2.39230595e-01	2.14248708e-01	2.49818869e-02
42              	9.62205493e-02	2.21973323e-02	2.43808691e-01	2.18124895e-01	2.56837961e-02
43              	9.72285275e-02	2.22801415e-02	2.47891526e-01	2.21174290e-01	2.67172353e-02
44              	9.76658149e-02	2.20874475e-02	2.51177518e-01	2.23254574e-01	2.79229443e-02
45              	9.76321602e-02	2.16691450e-02	2.53622361e-01	2.24443341e-01	2.91790205e-02
46              	9.72600260e-02	2.10873742e-02	2.55300293e-01	2.24910173e-01	3.03901206e-02
47              	9.66034437e-02	2.03540276e-02	2.56356245e-01	2.24781566e-01	3.15746786e-02
48              	9.58469171e-02	1.95979415e-02	2.56744235e-01	2.24219034e-01	3.25252003e-02
49              	9.51335695e-02	1.89033945e-02	2.56662506e-01	2.23464822e-01	3.31976833e-02
50              	9.46213086e-02	1.83529609e-02	2.56453495e-01	2.22848056e-01	3.36054390e-02
51              	9.43155646e-02	1.79371847e-02	2.56287587e-01	2.22459358e-01	3.38282288e-02
52              	9.42749697e-02	1.76722235e-02	2.56430170e-01	2.22490055e-01	3.39401154e-02
53              	9.44796598e-02	1.75407748e-02	2.57018648e-01	2.22988984e-01	3.40296644e-02
54              	9.48879009e-02	1.75090593e-02	2.58102936e-01	2.23939369e-01	3.41635671e-02
55              	9.54674630e-02	1.75473320e-02	2.59747074e-01	2.25341000e-01	3.44060742e-02
56              	9.62580709e-02	1.76484182e-02	2.62180091e-01	2.27348117e-01	3.48319747e-02
57              	9.70617583e-02	1.77376753e-02	2.64985695e-01	2.29554606e-01	3.54310892e-02
58              	9.77700557e-02	1.77749048e-02	2.67885500e-01	2.31712806e-01	3.61726945e-02
59              	9.83052168e-02	1.77350860e-02	2.70630121e-01	2.33620278e-01	3.70098440e-02
60              	9.86142160e-02	1.76112308e-02	2.72951333e-01	2.35089883e-01	3.78614508e-02
61              	9.87484236e-02	1.74056356e-02	2.75056710e-01	2.36276779e-01	3.87799314e-02
62              	9.87051029e-02	1.71357856e-02	2.76755361e-01	2.37082784e-01	3.96725778e-02
63              	9.85364820e-02	1.68374223e-02	2.78020726e-01	2.37546845e-01	4.04738810e-02
64              	9.82189571e-02	1.64604969e-02	2.79100455e-01	2.37769184e-01	4.13312701e-02
65              	9.79581836e-02	1.61712547e-02	2.79818588e-01	2.37867477e-01	4.19511103e-02
66              	9.77623019e-02	1.59456583e-02	2.80396878e-01	2.37960741e-01	4.24361371e-02
67              	9.76339993e-02	1.57714393e-02	2.80969482e-01	2.38118740e-01	4.28507415e-02
68              	9.75695379e-02	1.56389205e-02	2.81645488e-01	2.38392282e-01	4.32532061e-02
69              	9.75887857e-02	1.55550042e-02	2.82583986e-01	2.38880779e-01	4.37032074e-02
70              	9.76937062e-02	1.55123226e-02	2.83634945e-01	2.39511179e-01	4.41237662e-02
71              	9.78807788e-02	1.55073191e-02	2.84897821e-01	2.40329689e-01	4.45681318e-02
72              	9.81490692e-02	1.55380898e-02	2.86427329e-01	2.41362734e-01	4.50645952e-02
73              	9.84665320e-02	1.55907006e-02	2.88154051e-01	2.42543557e-01	4.56104934e-02
74              	9.87728965e-02	1.56373348e-02	2.89902395e-01	2.43724094e-01	4.61783009e-02
75              	9.90350699e-02	1.56635476e-02	2.91587792e-01	2.44828966e-01	4.67588263e-02
76              	9.92329672e-02	1.56604364e-02	2.93155348e-01	2.45810641e-01	4.73447068e-02
77              	9.93446644e-02	1.56216272e-02	2.94471479e-01	2.46580404e-01	4.78910749e-02
78              	9.94034691e-02	1.55570728e-02	2.95705565e-01	2.47256252e-01	4.84493136e-02
79              	9.94202074e-02	1.54706265e-02	2.96879732e-01	2.47860073e-01	4.90196586e-02
80              	9.94083554e-02	1.53678042e-02	2.98014359e-01	2.48415535e-01	4.95988243e-02
81              	9.93826993e-02	1.52589773e-02	2.99080674e-01	2.48923036e-01	5.01576378e-02
82              	9.93562054e-02	1.51412733e-02	3.00213792e-01	2.49463102e-01	5.07506908e-02
83              	9.93417248e-02	1.50278175e-02	3.01342520e-01	2.50012985e-01	5.13295352e-02
84              	9.93484163e-02	1.49252409e-02	3.02468021e-01	2.50582427e-01	5.18855942e-02
85              	9.93790490e-02	1.48404631e-02	3.03556080e-01	2.51157089e-01	5.23989908e-02
86              	9.94533341e-02	1.47654434e-02	3.04827891e-01	2.51867280e-01	5.29606113e-02
87              	9.95563535e-02	1.47127359e-02	3.06095702e-01	2.52604205e-01	5.34914977e-02
88              	9.96811514e-02	1.46810785e-02	3.07351327e-01	2.53356815e-01	5.39945120e-02
89              	9.98113893e-02	1.46652796e-02	3.08549520e-01	2.54086149e-01	5.44633707e-02
90              	9.99556889e-02	1.46631595e-02	3.09798687e-01	2.54855033e-01	5.49436548e-02
91              	1.00079832e-01	1.46628476e-02	3.10949598e-01	2.55554631e-01	5.53949674e-02
92              	1.00198225e-01	1.46632435e-02	3.12125800e-01	2.56261125e-01	5.58646747e-02
93              	1.00305903e-01	1.46603910e-02	3.13331559e-01	2.56971682e-01	5.63598768e-02
94              	1.00397116e-01	1.46511254e-02	3.14555354e-01	2.57674793e-01	5.68805615e-02
95              	1.00466390e-01	1.46334063e-02	3.15776346e-01	2.58354564e-01	5.74217829e-02
96              	1.00508923e-01	1.46064024e-02	3.16968497e-01	2.58993171e-01	5.79753256e-02
97              	1.00521345e-01	1.45704265e-02	3.18106890e-01	2.59574790e-01	5.85321001e-02
98              	1.00502277e-01	1.45267504e-02	3.19172548e-01	2.60088551e-01	5.90839966e-02
99              	1.00452404e-01	1.44772905e-02	3.20155402e-01	2.60530105e-01	5.96252973e-02
100             	1.00373897e-01	1.44242903e-02	3.21052835e-01	2.60900315e-01	6.01525203e-02
101             	1.00269894e-01	1.43700544e-02	3.21868218e-01	2.61204002e-01	6.06642153e-02
102             	1.00144739e-01	1.43169416e-02	3.22610438e-01	2.61449958e-01	6.11604797e-02
103             	1.00002180e-01	1.42666926e-02	3.23289693e-01	2.61647027e-01	6.16426661e-02
104             	9.98462667e-02	1.42205759e-02	3.23919180e-01	2.61805856e-01	6.21133231e-02
105             	9.96812917e-02	1.41793862e-02	3.24514235e-01	2.61938409e-01	6.25758257e-02
106             	9.95108871e-02	1.41433468e-02	3.25089547e-01	2.62055661e-01	6.30338866e-02
107             	9.93501872e-02	1.41153303e-02	3.25648571e-01	2.62174473e-01	6.34740982e-02
108             	9.91815257e-02	1.40887787e-02	3.26233838e-01	2.62298445e-01	6.39353931e-02
109             	9.90093842e-02	1.40643448e-02	3.26836510e-01	2.62427639e-01	6.44088708e-02
110             	9.88374241e-02	1.40429283e-02	3.27446791e-01	2.62560820e-01	6.48859713e-02
111             	9.86591481e-02	1.40222886e-02	3.28067362e-01	2.62692829e-01	6.53745326e-02
112             	9.84952402e-02	1.40090842e-02	3.28652472e-01	2.62821476e-01	6.58309956e-02
113             	9.83468273e-02	1.40023499e-02	3.29204463e-01	2.62949059e-01	6.62554045e-02
114             	9.81914320e-02	1.39935083e-02	3.29795223e-01	2.63089044e-01	6.67061798e-02
115             	9.80337684e-02	1.39838368e-02	3.30407912e-01	2.63237724e-01	6.71701875e-02
116             	9.78645429e-02	1.39698151e-02	3.31057919e-01	2.63393502e-01	6.76644164e-02
117             	9.77265471e-02	1.39679969e-02	3.31631821e-01	2.63542458e-01	6.80893634e-02
118             	9.75970234e-02	1.39692446e-02	3.32205405e-01	2.63699726e-01	6.85056790e-02
119             	9.74670618e-02	1.39698076e-02	3.32815811e-01	2.63874967e-01	6.89408439e-02
120             	9.73438224e-02	1.39725496e-02	3.33441138e-01	2.64064391e-01	6.93767466e-02
121             	9.72262268e-02	1.39760720e-02	3.34093832e-01	2.64273143e-01	6.98206894e-02
122             	9.71260156e-02	1.39857513e-02	3.34733946e-01	2.64492988e-01	7.02409572e-02
123             	9.70398382e-02	1.39991697e-02	3.35385161e-01	2.64732419e-01	7.06527425e-02
124             	9.69645038e-02	1.40134688e-02	3.36075059e-01	2.65002033e-01	7.10730258e-02
125             	9.69116989e-02	1.40401240e-02	3.36685547e-01	2.65254472e-01	7.14310744e-02
126             	9.68696726e-02	1.40704458e-02	3.37307594e-01	2.65523470e-01	7.17841244e-02
127             	9.68347912e-02	1.41022692e-02	3.37963221e-01	2.65816402e-01	7.21468191e-02
128             	9.68027007e-02	1.41315199e-02	3.38693316e-01	2.66149359e-01	7.25439574e-02
129             	9.67736625e-02	1.41614838e-02	3.39435328e-01	2.66491326e-01	7.29440013e-02
130             	9.67463566e-02	1.41900271e-02	3.40204294e-01	2.66848504e-01	7.33557905e-02
131             	9.67202446e-02	1.42174116e-02	3.40985700e-01	2.67213094e-01	7.37726053e-02
132             	9.66947897e-02	1.42441554e-02	3.41765943e-01	2.67577761e-01	7.41881818e-02
133             	9.66694021e-02	1.42708246e-02	3.42534033e-01	2.67936419e-01	7.45976146e-02
134             	9.66435692e-02	1.42978910e-02	3.43282718e-01	2.68284928e-01	7.49977897e-02
135             	9.66177289e-02	1.43302942e-02	3.43954290e-01	2.68594874e-01	7.53594160e-02
136             	9.65878000e-02	1.43560092e-02	3.44694984e-01	2.68935292e-01	7.57596919e-02
137             	9.65574215e-02	1.43817805e-02	3.45416473e-01	2.69265658e-01	7.61508151e-02
138             	9.65284207e-02	1.44124473e-02	3.46067177e-01	2.69562009e-01	7.65051678e-02
139             	9.64929164e-02	1.44269146e-02	3.46853187e-01	2.69919510e-01	7.69336770e-02
140             	9.64645545e-02	1.44585352e-02	3.47457996e-01	2.70193553e-01	7.72644436e-02
141             	9.64325214e-02	1.44854544e-02	3.48100147e-01	2.70482595e-01	7.76175519e-02
142             	9.64026229e-02	1.45175183e-02	3.48683830e-01	2.70744538e-01	7.79392919e-02
143             	9.63666036e-02	1.45422235e-02	3.49335953e-01	2.71034580e-01	7.83013728e-02
144             	9.63285543e-02	1.45667769e-02	3.49974737e-01	2.71315923e-01	7.86588144e-02
145             	9.62910381e-02	1.45945220e-02	3.50568234e-01	2.71575155e-01	7.89930787e-02
146             	9.62451548e-02	1.46136409e-02	3.51231047e-01	2.71860678e-01	7.93703685e-02
147             	9.61963309e-02	1.46320827e-02	3.51874570e-01	2.72133616e-01	7.97409541e-02
148             	9.61487191e-02	1.46545005e-02	3.52458878e-01	2.72378158e-01	8.00807198e-02
149             	9.60925148e-02	1.46693116e-02	3.53093515e-01	2.72639272e-01	8.04542427e-02
150             	9.60345682e-02	1.46846454e-02	3.53696510e-01	2.72882823e-01	8.08136869e-02
151             	9.59800508e-02	1.47051098e-02	3.54232978e-01	2.73096540e-01	8.11364381e-02
152             	9.59183117e-02	1.47193417e-02	3.54807390e-01	2.73322006e-01	8.14853831e-02
153             	9.58571605e-02	1.47346645e-02	3.55353734e-01	2.73534027e-01	8.18197065e-02
154             	9.58019021e-02	1.47549611e-02	3.55845885e-01	2.73724844e-01	8.21210403e-02
155             	9.57393064e-02	1.47667626e-02	3.56397495e-01	2.73938054e-01	8.24594413e-02
156             	9.56836031e-02	1.47829521e-02	3.56913799e-01	2.74140503e-01	8.27732963e-02
157             	9.56356191e-02	1.48043687e-02	3.57382395e-01	2.74326817e-01	8.30555786e-02
158             	9.55851539e-02	1.48208266e-02	3.57901751e-01	2.74536029e-01	8.33657216e-02
159             	9.55409138e-02	1.48408266e-02	3.58388392e-01	2.74735110e-01	8.36532823e-02
160             	9.54922723e-02	1.48525348e-02	3.58952816e-01	2.74968680e-01	8.39841357e-02
161             	9.54483536e-02	1.48667164e-02	3.59491403e-01	2.75194055e-01	8.42973481e-02
162             	9.54098958e-02	1.48846815e-02	3.59980001e-01	2.75399896e-01	8.45801046e-02
163             	9.53693388e-02	1.48973367e-02	3.60519048e-01	2.75628863e-01	8.48901850e-02
164             	9.53305153e-02	1.49100456e-02	3.61043996e-01	2.75852513e-01	8.51914826e-02
165             	9.52931793e-02	1.49225518e-02	3.61555707e-01	2.76071033e-01	8.54846740e-02
166             	9.52574637e-02	1.49348670e-02	3.62054203e-01	2.76284565e-01	8.57696380e-02
167             	9.52251133e-02	1.49496292e-02	3.62512091e-01	2.76481159e-01	8.60309321e-02
168             	9.51901294e-02	1.49593189e-02	3.63015886e-01	2.76698072e-01	8.63178133e-02
169             	9.51568459e-02	1.49682206e-02	3.63516051e-01	2.76914872e-01	8.66011798e-02
170             	9.51258248e-02	1.49764260e-02	3.64012100e-01	2.77131875e-01	8.68802250e-02
171             	9.50985599e-02	1.49867575e-02	3.64473720e-01	2.77335420e-01	8.71382999e-02
172             	9.50703523e-02	1.49922485e-02	3.64984510e-01	2.77562607e-01	8.74219027e-02
173             	9.50447008e-02	1.49973770e-02	3.65491313e-01	2.77790358e-01	8.77009559e-02
174             	9.50225227e-02	1.50048653e-02	3.65961660e-01	2.78003353e-01	8.79583072e-02
175             	9.50013918e-02	1.50108345e-02	3.66443650e-01	2.78223217e-01	8.82204330e-02
176             	9.49817448e-02	1.50155521e-02	3.66933932e-01	2.78448711e-01	8.84852215e-02
177             	9.49636496e-02	1.50191076e-02	3.67430146e-01	2.78678723e-01	8.87514233e-02
178             	9.49470220e-02	1.50217930e-02	3.67926984e-01	2.78910514e-01	8.90164698e-02
179             	9.49318958e-02	1.50239882e-02	3.68419345e-01	2.79141568e-01	8.92777769e-02
180             	9.49180467e-02	1.50266430e-02	3.68896724e-01	2.79366409e-01	8.95303150e-02
181             	9.49059165e-02	1.50318687e-02	3.69334307e-01	2.79573070e-01	8.97612370e-02
182             	9.48953520e-02	1.50408966e-02	3.69716293e-01	2.79753499e-01	8.99627947e-02
183             	9.48834762e-02	1.50412966e-02	3.70207272e-01	2.79987112e-01	9.02201599e-02
184             	9.48726033e-02	1.50432997e-02	3.70665105e-01	2.80205156e-01	9.04599494e-02
185             	9.48633443e-02	1.50482420e-02	3.71068528e-01	2.80397608e-01	9.06709194e-02
186             	9.48548116e-02	1.50462632e-02	3.71559188e-01	2.80634406e-01	9.09247824e-02
187             	9.48475747e-02	1.50470324e-02	3.71996563e-01	2.80845856e-01	9.11507070e-02
188             	9.48423936e-02	1.50381098e-02	3.72552717e-01	2.81118752e-01	9.14339651e-02
189             	9.48385883e-02	1.50323150e-02	3.73051253e-01	2.81364215e-01	9.16870384e-02
190             	9.48345980e-02	1.50322299e-02	3.73457913e-01	2.81563554e-01	9.18943584e-02
191             	9.48306837e-02	1.50272945e-02	3.73923488e-01	2.81792428e-01	9.21310603e-02
192             	9.48257095e-02	1.50269224e-02	3.74317132e-01	2.81984276e-01	9.23328566e-02
193             	9.48202007e-02	1.50190300e-02	3.74803405e-01	2.82221903e-01	9.25815019e-02
194             	9.48136617e-02	1.50144924e-02	3.75231774e-01	2.82429549e-01	9.28022253e-02
195             	9.48072065e-02	1.50143520e-02	3.75587420e-01	2.82600916e-01	9.29865034e-02
196             	9.48011154e-02	1.50124522e-02	3.75965180e-01	2.82783705e-01	9.31814745e-02
197             	9.47963013e-02	1.50019415e-02	3.76450466e-01	2.83021534e-01	9.34289318e-02
198             	9.47921409e-02	1.49928121e-02	3.76904518e-01	2.83244400e-01	9.36601180e-02
199             	9.47883660e-02	1.49835025e-02	3.77346105e-01	2.83461419e-01	9.38846866e-02
200             	9.47844607e-02	1.49775754e-02	3.77734677e-01	2.83651799e-01	9.40828776e-02
201             	9.47799454e-02	1.49762273e-02	3.78057076e-01	2.83808483e-01	9.42485925e-02
202             	9.47746564e-02	1.49711477e-02	3.78428095e-01	2.83988704e-01	9.44393911e-02
203             	9.47687191e-02	1.49690452e-02	3.78751739e-01	2.84144588e-01	9.46071503e-02
204             	9.47625813e-02	1.49600012e-02	3.79162682e-01	2.84343922e-01	9.48187595e-02
205             	9.47565105e-02	1.49514841e-02	3.79554177e-01	2.84533599e-01	9.50205780e-02
206             	9.47502615e-02	1.49456500e-02	3.79894815e-01	2.84697669e-01	9.51971459e-02
207             	9.47431869e-02	1.49342801e-02	3.80297656e-01	2.84892015e-01	9.54056409e-02
208             	9.47355207e-02	1.49228231e-02	3.80687052e-01	2.85079047e-01	9.56080055e-02
209             	9.47272583e-02	1.49112614e-02	3.81063484e-01	2.85259001e-01	9.58044839e-02
210             	9.47183086e-02	1.48997140e-02	3.81427111e-01	2.85431864e-01	9.59952468e-02
211             	9.47085594e-02	1.48883212e-02	3.81777948e-01	2.85597533e-01	9.61804146e-02
212             	9.46976023e-02	1.48751771e-02	3.82136877e-01	2.85766041e-01	9.63708362e-02
213             	9.46865237e-02	1.48641732e-02	3.82464975e-01	2.85919011e-01	9.65459637e-02
214             	9.46741945e-02	1.48514806e-02	3.82802217e-01	2.86075303e-01	9.67269142e-02
215             	9.46620092e-02	1.48408635e-02	3.83111782e-01	2.86217900e-01	9.68938817e-02
216             	9.46486454e-02	1.48283467e-02	3.83434801e-01	2.86366046e-01	9.70687549e-02
217             	9.46356838e-02	1.48175203e-02	3.83735997e-01	2.86503682e-01	9.72323148e-02
218             	9.46217326e-02	1.48045569e-02	3.84054164e-01	2.86648815e-01	9.74053495e-02
219             	9.46084990e-02	1.47931170e-02	3.84352924e-01	2.86784961e-01	9.75679632e-02
220             	9.45944185e-02	1.47795183e-02	3.84668586e-01	2.86928711e-01	9.77398743e-02
221             	9.45811117e-02	1.47674664e-02	3.84963885e-01	2.87063054e-01	9.79008306e-02
222             	9.45668268e-02	1.47533279e-02	3.85274143e-01	2.87203898e-01	9.80702449e-02
223             	9.45523313e-02	1.47389638e-02	3.85580160e-01	2.87342411e-01	9.82377489e-02
224             	9.45383610e-02	1.47263929e-02	3.85861420e-01	2.87469071e-01	9.83923492e-02
225             	9.45230113e-02	1.47120184e-02	3.86152857e-01	2.87599440e-01	9.85534170e-02
226             	9.45071404e-02	1.46975230e-02	3.86438551e-01	2.87726416e-01	9.87121350e-02
227             	9.44907835e-02	1.46830052e-02	3.86717338e-01	2.87849453e-01	9.88678855e-02
228             	9.44749859e-02	1.46702518e-02	3.86973266e-01	2.87961619e-01	9.90116470e-02
229             	9.44577663e-02	1.46557987e-02	3.87239053e-01	2.88077293e-01	9.91617600e-02
230             	9.44402725e-02	1.46411219e-02	3.87502429e-01	2.88191487e-01	9.93109419e-02
231             	9.44226998e-02	1.46263056e-02	3.87762765e-01	2.88304082e-01	9.94586827e-02
232             	9.44051961e-02	1.46114469e-02	3.88019474e-01	2.88414933e-01	9.96045409e-02
233             	9.43878511e-02	1.45966382e-02	3.88272136e-01	2.88523919e-01	9.97482170e-02
234             	9.43716506e-02	1.45834926e-02	3.88506964e-01	2.88625133e-01	9.98818316e-02
235             	9.43546150e-02	1.45689764e-02	3.88751183e-01	2.88730206e-01	1.00020976e-01
236             	9.43376533e-02	1.45542826e-02	3.88995175e-01	2.88835241e-01	1.00159934e-01
237             	9.43208212e-02	1.45394734e-02	3.89237799e-01	2.88939721e-01	1.00298078e-01
238             	9.43041369e-02	1.45246274e-02	3.89477834e-01	2.89043054e-01	1.00434780e-01
239             	9.42875827e-02	1.45098276e-02	3.89714200e-01	2.89144683e-01	1.00569517e-01
240             	9.42711236e-02	1.44951418e-02	3.89946162e-01	2.89244205e-01	1.00701957e-01
241             	9.42547269e-02	1.44806112e-02	3.90173412e-01	2.89341433e-01	1.00831979e-01
242             	9.42383847e-02	1.44662534e-02	3.90395974e-01	2.89436371e-01	1.00959602e-01
243             	9.42221157e-02	1.44520643e-02	3.90614157e-01	2.89529194e-01	1.01084963e-01
244             	9.42067433e-02	1.44392511e-02	3.90817705e-01	2.89615596e-01	1.01202109e-01
245             	9.41908258e-02	1.44255237e-02	3.91026827e-01	2.89704239e-01	1.01322588e-01
246             	9.41750826e-02	1.44115883e-02	3.91237011e-01	2.89793588e-01	1.01443423e-01
247             	9.41596738e-02	1.43975012e-02	3.91447618e-01	2.89883483e-01	1.01564135e-01
248             	9.41447138e-02	1.43833557e-02	3.91657685e-01	2.89973556e-01	1.01684129e-01
249             	9.41302569e-02	1.43692621e-02	3.91866138e-01	2.90063326e-01	1.01802812e-01
250             	9.41162783e-02	1.43553234e-02	3.92071920e-01	2.90152238e-01	1.01919682e-01
251             	9.41027201e-02	1.43416215e-02	3.92274166e-01	2.90239803e-01	1.02034363e-01
252             	9.40894994e-02	1.43281961e-02	3.92472375e-01	2.90325687e-01	1.02146688e-01
253             	9.40770970e-02	1.43160764e-02	3.92656923e-01	2.90405559e-01	1.02251365e-01
254             	9.40644375e-02	1.43034516e-02	3.92843957e-01	2.90486416e-01	1.02357541e-01
255             	9.40518890e-02	1.42907276e-02	3.93031414e-01	2.90567596e-01	1.02463818e-01
256             	9.40395699e-02	1.42779203e-02	3.93218964e-01	2.90649052e-01	1.02569912e-01
257             	9.40276010e-02	1.42650877e-02	3.93405949e-01	2.90730575e-01	1.02675373e-01
258             	9.40160667e-02	1.42523177e-02	3.93591497e-01	2.90811815e-01	1.02779682e-01
259             	9.40050059e-02	1.42397022e-02	3.93774759e-01	2.90892385e-01	1.02882374e-01
260             	9.39948496e-02	1.42282474e-02	3.93946079e-01	2.90967889e-01	1.02978190e-01
261             	9.39847298e-02	1.42164042e-02	3.94119713e-01	2.91044586e-01	1.03075127e-01
262             	9.39748871e-02	1.42045217e-02	3.94293968e-01	2.91121871e-01	1.03172097e-01
263             	9.39653696e-02	1.41926134e-02	3.94468401e-01	2.91199570e-01	1.03268831e-01
264             	9.39562319e-02	1.41807284e-02	3.94642182e-01	2.91277323e-01	1.03364859e-01
265             	9.39475103e-02	1.41689451e-02	3.94814253e-01	2.91354637e-01	1.03459616e-01
266             	9.39392200e-02	1.41573518e-02	3.94983603e-01	2.91431022e-01	1.03552582e-01
267             	9.39316068e-02	1.41468423e-02	3.95141069e-01	2.91502141e-01	1.03638927e-01
268             	9.39241353e-02	1.41360886e-02	3.95299683e-01	2.91573977e-01	1.03725706e-01
269             	9.39169521e-02	1.41253157e-02	3.95458958e-01	2.91646431e-01	1.03812527e-01
270             	9.39101179e-02	1.41145215e-02	3.95618786e-01	2.91719511e-01	1.03899275e-01
271             	9.39037177e-02	1.41037399e-02	3.95778691e-01	2.91793063e-01	1.03985628e-01
272             	9.38978012e-02	1.40930417e-02	3.95937761e-01	2.91866682e-01	1.04071080e-01
273             	9.38924002e-02	1.40825093e-02	3.96095098e-01	2.91939949e-01	1.04155149e-01
274             	9.38874903e-02	1.40722171e-02	3.96249864e-01	2.92012422e-01	1.04237442e-01
275             	9.38830508e-02	1.40622093e-02	3.96401701e-01	2.92083901e-01	1.04317800e-01
276             	9.38790114e-02	1.40525139e-02	3.96550212e-01	2.92154117e-01	1.04396094e-01
277             	9.38753921e-02	1.40437510e-02	3.96688039e-01	2.92219412e-01	1.04468627e-01
278             	9.38720210e-02	1.40348068e-02	3.96827966e-01	2.92286004e-01	1.04541962e-01
279             	9.38687785e-02	1.40255638e-02	3.96972222e-01	2.92354889e-01	1.04617332e-01
280             	9.38658462e-02	1.40161779e-02	3.97118459e-01	2.92425076e-01	1.04693383e-01
281             	9.38633010e-02	1.40066711e-02	3.97266096e-01	2.92496349e-01	1.04769747e-01
282             	9.38611616e-02	1.39971678e-02	3.97413373e-01	2.92567848e-01	1.04845525e-01
283             	9.38594195e-02	1.39877994e-02	3.97558737e-01	2.92638788e-01	1.04919949e-01
284             	9.38580133e-02	1.39786828e-02	3.97700871e-01	2.92708449e-01	1.04992422e-01
285             	9.38568924e-02	1.39698878e-02	3.97839123e-01	2.92776454e-01	1.05062669e-01
286             	9.38559913e-02	1.39614368e-02	3.97973337e-01	2.92842660e-01	1.05130677e-01
287             	9.38552779e-02	1.39533016e-02	3.98103999e-01	2.92907277e-01	1.05196722e-01
288             	9.38547229e-02	1.39454282e-02	3.98231681e-01	2.92970563e-01	1.05261118e-01
289             	9.38543423e-02	1.39377427e-02	3.98357416e-01	2.93033050e-01	1.05324365e-01
290             	9.38541313e-02	1.39301736e-02	3.98481932e-01	2.93095098e-01	1.05386835e-01
291             	9.38541363e-02	1.39226339e-02	3.98606448e-01	2.93157360e-01	1.05449088e-01
292             	9.38543595e-02	1.39150837e-02	3.98731261e-01	2.93219990e-01	1.05511271e-01
293             	9.38548250e-02	1.39074955e-02	3.98856754e-01	2.93283202e-01	1.05573552e-01
294             	9.38555113e-02	1.38998906e-02	3.98982398e-01	2.93346710e-01	1.05635688e-01
295             	9.38563955e-02	1.38923032e-02	3.99107711e-01	2.93410251e-01	1.05697460e-01
296             	9.38574225e-02	1.38847884e-02	3.99231773e-01	2.93473309e-01	1.05758464e-01
297             	9.38585432e-02	1.38773889e-02	3.99354027e-01	2.93535557e-01	1.05818470e-01
298             	9.38597120e-02	1.38701438e-02	3.99473855e-01	2.93596639e-01	1.05877215e-01
299             	9.38609035e-02	1.38630687e-02	3.99591175e-01	2.93656491e-01	1.05934684e-01
300             	9.38621149e-02	1.38561715e-02	3.99705900e-01	2.93715065e-01	1.05990835e-01
301             	9.38633639e-02	1.38494373e-02	3.99818461e-01	2.93772595e-01	1.06045867e-01
302             	9.38646690e-02	1.38428505e-02	3.99929093e-01	2.93829215e-01	1.06099877e-01
303             	9.38660481e-02	1.38363834e-02	4.00038350e-01	2.93885223e-01	1.06153127e-01
304             	9.38675148e-02	1.38300146e-02	4.00146478e-01	2.93940754e-01	1.06205724e-01
305             	9.38690682e-02	1.38237185e-02	4.00253895e-01	2.93996015e-01	1.06257879e-01
306             	9.38706961e-02	1.38174834e-02	4.00360571e-01	2.94050981e-01	1.06309589e-01
307             	9.38723737e-02	1.38113015e-02	4.00466580e-01	2.94105664e-01	1.06360916e-01
308             	9.38740775e-02	1.38051780e-02	4.00571635e-01	2.94159895e-01	1.06411740e-01
309             	9.38757703e-02	1.37991171e-02	4.00675629e-01	2.94213585e-01	1.06462044e-01
310             	9.38774301e-02	1.37931285e-02	4.00778225e-01	2.94266543e-01	1.06511682e-01
311             	9.38790230e-02	1.37872158e-02	4.00879367e-01	2.94318706e-01	1.06560660e-01
312             	9.38805412e-02	1.37813843e-02	4.00978853e-01	2.94369968e-01	1.06608885e-01
313             	9.38819617e-02	1.37756315e-02	4.01076770e-01	2.94420347e-01	1.06656424e-01
314             	9.38832918e-02	1.37699564e-02	4.01173057e-01	2.94469820e-01	1.06703236e-01
315             	9.38845192e-02	1.37643521e-02	4.01267905e-01	2.94518472e-01	1.06749433e-01
316             	9.38856630e-02	1.37588169e-02	4.01361300e-01	2.94566313e-01	1.06794987e-01
317             	9.38867130e-02	1.37533460e-02	4.01453424e-01	2.94613425e-01	1.06839999e-01
318             	9.38876884e-02	1.37479389e-02	4.01544248e-01	2.94659812e-01	1.06884436e-01
319             	9.38885720e-02	1.37425905e-02	4.01633940e-01	2.94705542e-01	1.06928398e-01
320             	9.38893779e-02	1.37373007e-02	4.01722437e-01	2.94750596e-01	1.06971840e-01
321             	9.38900774e-02	1.37320646e-02	4.01809859e-01	2.94795007e-01	1.07014852e-01
322             	9.38906762e-02	1.37268844e-02	4.01896061e-01	2.94838706e-01	1.07057354e-01
323             	9.38911438e-02	1.37217564e-02	4.01981129e-01	2.94881709e-01	1.07099421e-01
324             	9.38914891e-02	1.37166849e-02	4.02064889e-01	2.94923933e-01	1.07140955e-01
325             	9.38916776e-02	1.37116655e-02	4.02147427e-01	2.94965391e-01	1.07182036e-01
326             	9.38917293e-02	1.37067033e-02	4.02228592e-01	2.95006025e-01	1.07222566e-01
327             	9.38916166e-02	1.37017906e-02	4.02308542e-01	2.95045887e-01	1.07262654e-01
328             	9.38913670e-02	1.36969346e-02	4.02387160e-01	2.95084947e-01	1.07302213e-01
329             	9.38909539e-02	1.36921223e-02	4.02464636e-01	2.95123272e-01	1.07341364e-01
330             	9.38904078e-02	1.36873599e-02	4.02540832e-01	2.95160824e-01	1.07380008e-01
331             	9.38897018e-02	1.36826370e-02	4.02615951e-01	2.95197678e-01	1.07418274e-01
332             	9.38888709e-02	1.36779633e-02	4.02689831e-01	2.95233786e-01	1.07456044e-01
333             	9.38878860e-02	1.36733266e-02	4.02762703e-01	2.95269237e-01	1.07493465e-01
334             	9.38874528e-02	1.36689076e-02	4.02833421e-01	2.95304163e-01	1.07529258e-01
335             	9.38869713e-02	1.36645851e-02	4.02905085e-01	2.95339514e-01	1.07565571e-01
336             	9.38863345e-02	1.36602968e-02	4.02976246e-01	2.95374457e-01	1.07601788e-01
337             	9.38860480e-02	1.36559088e-02	4.03049663e-01	2.95410880e-01	1.07638784e-01
338             	9.38857498e-02	1.36521818e-02	4.03114626e-01	2.95443063e-01	1.07671563e-01
339             	9.38857489e-02	1.36478894e-02	4.03189761e-01	2.95480629e-01	1.07709131e-01
340             	9.38847832e-02	1.36439117e-02	4.03258632e-01	2.95514099e-01	1.07744533e-01
341             	9.38833779e-02	1.36403421e-02	4.03318322e-01	2.95542539e-01	1.07775783e-01
342             	9.38812952e-02	1.36362509e-02	4.03383008e-01	2.95572799e-01	1.07810209e-01
343             	9.38785561e-02	1.36320763e-02	4.03445087e-01	2.95601100e-01	1.07843987e-01
344             	9.38752182e-02	1.36277881e-02	4.03504967e-01	2.95627702e-01	1.07877265e-01
345             	9.38714029e-02	1.36234018e-02	4.03562943e-01	2.95652874e-01	1.07910069e-01
346             	9.38675369e-02	1.36192680e-02	4.03616032e-01	2.95675553e-01	1.07940479e-01
347             	9.38627196e-02	1.36140684e-02	4.03678565e-01	2.95702002e-01	1.07976563e-01
348             	9.38580419e-02	1.36092703e-02	4.03736247e-01	2.95726165e-01	1.08010081e-01
349             	9.38536869e-02	1.36050130e-02	4.03787695e-01	2.95747534e-01	1.08040160e-01
350             	9.38488271e-02	1.36002253e-02	4.03844259e-01	2.95770956e-01	1.08073302e-01
351             	9.38440660e-02	1.35956365e-02	4.03898706e-01	2.95793419e-01	1.08105287e-01
352             	9.38396832e-02	1.35916052e-02	4.03947775e-01	2.95813571e-01	1.08134204e-01
353             	9.38348403e-02	1.35870947e-02	4.04002188e-01	2.95835934e-01	1.08166253e-01
354             	9.38301045e-02	1.35827909e-02	4.04054770e-01	2.95857490e-01	1.08197281e-01
355             	9.38255052e-02	1.35787323e-02	4.04105104e-01	2.95878057e-01	1.08227047e-01
356             	9.38213212e-02	1.35751812e-02	4.04150532e-01	2.95896587e-01	1.08253945e-01
357             	9.38166722e-02	1.35712019e-02	4.04201081e-01	2.95917212e-01	1.08283868e-01
358             	9.38120435e-02	1.35673180e-02	4.04250537e-01	2.95937312e-01	1.08313225e-01
359             	9.38074260e-02	1.35635277e-02	4.04298653e-01	2.95956753e-01	1.08341900e-01
360             	9.38030881e-02	1.35600842e-02	4.04342714e-01	2.95974445e-01	1.08368269e-01
361             	9.37981085e-02	1.35561055e-02	4.04391923e-01	2.95994070e-01	1.08397853e-01
362             	9.37930590e-02	1.35521567e-02	4.04439865e-01	2.96012991e-01	1.08426873e-01
363             	9.37882919e-02	1.35485673e-02	4.04483313e-01	2.96029949e-01	1.08453365e-01
364             	9.37828882e-02	1.35444899e-02	4.04530819e-01	2.96048298e-01	1.08482522e-01
365             	9.37775223e-02	1.35405654e-02	4.04575886e-01	2.96065465e-01	1.08510421e-01
366             	9.37725123e-02	1.35371110e-02	4.04615815e-01	2.96080420e-01	1.08535395e-01
367             	9.37668204e-02	1.35331877e-02	4.04659583e-01	2.96096612e-01	1.08562971e-01
368             	9.37611718e-02	1.35294047e-02	4.04701536e-01	2.96111940e-01	1.08589596e-01
369             	9.37559163e-02	1.35260552e-02	4.04739244e-01	2.96125538e-01	1.08613706e-01
370             	9.37499871e-02	1.35222393e-02	4.04780919e-01	2.96140447e-01	1.08640473e-01
371             	9.37441891e-02	1.35185857e-02	4.04820843e-01	2.96154611e-01	1.08666232e-01
372             	9.37389405e-02	1.35153731e-02	4.04856784e-01	2.96167332e-01	1.08689451e-01
373             	9.37330571e-02	1.35117172e-02	4.04896660e-01	2.96181387e-01	1.08715273e-01
374             	9.37272796e-02	1.35081688e-02	4.04935346e-01	2.96194952e-01	1.08740393e-01
375             	9.37216220e-02	1.35047428e-02	4.04972676e-01	2.96207960e-01	1.08764716e-01
376             	9.37164162e-02	1.35016681e-02	4.05006776e-01	2.96219804e-01	1.08786972e-01
377             	9.37104498e-02	1.34981076e-02	4.05044823e-01	2.96232862e-01	1.08811962e-01
378             	9.37045208e-02	1.34946105e-02	4.05081801e-01	2.96245421e-01	1.08836379e-01
379             	9.36990478e-02	1.34914574e-02	4.05115416e-01	2.96256756e-01	1.08858660e-01
380             	9.36924452e-02	1.34875639e-02	4.05154112e-01	2.96269501e-01	1.08884611e-01
381             	9.36862433e-02	1.34840615e-02	4.05189275e-01	2.96280881e-01	1.08908394e-01
382             	9.36806275e-02	1.34810471e-02	4.05219891e-01	2.96290573e-01	1.08929318e-01
383             	9.36742609e-02	1.34776473e-02	4.05252839e-01	2.96300681e-01	1.08952159e-01
384             	9.36680705e-02	1.34744320e-02	4.05283832e-01	2.96309986e-01	1.08973845e-01
385             	9.36624470e-02	1.34715786e-02	4.05311896e-01	2.96318395e-01	1.08993501e-01
386             	9.36559437e-02	1.34682213e-02	4.05343473e-01	2.96327680e-01	1.09015793e-01
387             	9.36495487e-02	1.34649123e-02	4.05374422e-01	2.96336760e-01	1.09037662e-01
388             	9.36437219e-02	1.34619010e-02	4.05403102e-01	2.96345273e-01	1.09057829e-01
389             	9.36365389e-02	1.34580810e-02	4.05436713e-01	2.96354895e-01	1.09081818e-01
390             	9.36300222e-02	1.34546988e-02	4.05467160e-01	2.96363602e-01	1.09103558e-01
391             	9.36242186e-02	1.34517936e-02	4.05493820e-01	2.96371129e-01	1.09122691e-01
392             	9.36175101e-02	1.34484440e-02	4.05522833e-01	2.96378927e-01	1.09143906e-01
393             	9.36109227e-02	1.34452272e-02	4.05550366e-01	2.96386106e-01	1.09164260e-01
394             	9.36048474e-02	1.34423581e-02	4.05575192e-01	2.96392443e-01	1.09182748e-01
395             	9.35971775e-02	1.34386913e-02	4.05603861e-01	2.96399108e-01	1.09204753e-01
396             	9.35907851e-02	1.34357204e-02	4.05628335e-01	2.96404952e-01	1.09223382e-01
397             	9.35829469e-02	1.34320494e-02	4.05655680e-01	2.96410787e-01	1.09244893e-01
398             	9.35758456e-02	1.34288129e-02	4.05680342e-01	2.96416017e-01	1.09264325e-01
399             	9.35696782e-02	1.34260854e-02	4.05701798e-01	2.96420577e-01	1.09281221e-01
400             	9.35619575e-02	1.34226224e-02	4.05726253e-01	2.96425084e-01	1.09301169e-01
401             	9.35542976e-02	1.34192289e-02	4.05749838e-01	2.96429217e-01	1.09320621e-01
402             	9.35473697e-02	1.34162323e-02	4.05771352e-01	2.96433046e-01	1.09338306e-01
403             	9.35413689e-02	1.34136697e-02	4.05790623e-01	2.96436680e-01	1.09353942e-01
404             	9.35337007e-02	1.34103245e-02	4.05813067e-01	2.96440234e-01	1.09372833e-01
405             	9.35260876e-02	1.34069862e-02	4.05835250e-01	2.96443713e-01	1.09391537e-01
406             	9.35192414e-02	1.34040090e-02	4.05855785e-01	2.96447134e-01	1.09408651e-01
407             	9.35131006e-02	1.34013650e-02	4.05874567e-01	2.96450384e-01	1.09424183e-01
408             	9.35050373e-02	1.33978271e-02	4.05896547e-01	2.96453311e-01	1.09443236e-01
409             	9.34977740e-02	1.33946805e-02	4.05916691e-01	2.96456119e-01	1.09460571e-01
410             	9.34912656e-02	1.33918816e-02	4.05935041e-01	2.96458786e-01	1.09476255e-01
411             	9.34834131e-02	1.33885178e-02	4.05955020e-01	2.96460923e-01	1.09494097e-01
412             	9.34756002e-02	1.33852073e-02	4.05974101e-01	2.96462651e-01	1.09511451e-01
413             	9.34684695e-02	1.33822161e-02	4.05991520e-01	2.96464229e-01	1.09527291e-01
414             	9.34591937e-02	1.33783598e-02	4.06010586e-01	2.96464487e-01	1.09546099e-01
415             	9.34509270e-02	1.33750130e-02	4.06027365e-01	2.96464609e-01	1.09562755e-01
416             	9.34436601e-02	1.33721631e-02	4.06041848e-01	2.96464584e-01	1.09577264e-01
417             	9.34351989e-02	1.33688670e-02	4.06056888e-01	2.96463643e-01	1.09593245e-01
418             	9.34268816e-02	1.33656731e-02	4.06071055e-01	2.96462409e-01	1.09608646e-01
419             	9.34193304e-02	1.33628175e-02	4.06084007e-01	2.96461334e-01	1.09622673e-01
420             	9.34103191e-02	1.33593673e-02	4.06098049e-01	2.96459344e-01	1.09638706e-01
421             	9.34015681e-02	1.33560184e-02	4.06111540e-01	2.96457338e-01	1.09654202e-01
422             	9.33931731e-02	1.33528124e-02	4.06124401e-01	2.96455374e-01	1.09669028e-01
423             	9.33850385e-02	1.33497166e-02	4.06136739e-01	2.96453408e-01	1.09683331e-01
424             	9.33776945e-02	1.33469504e-02	4.06148199e-01	2.96451794e-01	1.09696405e-01
425             	9.33690068e-02	1.33436355e-02	4.06160647e-01	2.96449331e-01	1.09711317e-01
426             	9.33603783e-02	1.33403476e-02	4.06172744e-01	2.96446750e-01	1.09725993e-01
427             	9.33518668e-02	1.33371179e-02	4.06184322e-01	2.96444028e-01	1.09740294e-01
428             	9.33441371e-02	1.33342217e-02	4.06194921e-01	2.96441597e-01	1.09753323e-01
429             	9.33348530e-02	1.33307251e-02	4.06205976e-01	2.96437841e-01	1.09768135e-01
430             	9.33257431e-02	1.33273313e-02	4.06216228e-01	2.96433857e-01	1.09782371e-01
431             	9.33169244e-02	1.33240945e-02	4.06225583e-01	2.96429716e-01	1.09795867e-01
432             	9.33090432e-02	1.33212629e-02	4.06233927e-01	2.96426007e-01	1.09807920e-01
433             	9.32987607e-02	1.33175689e-02	4.06242068e-01	2.96419795e-01	1.09822274e-01
434             	9.32906597e-02	1.33147034e-02	4.06249578e-01	2.96415449e-01	1.09834129e-01
435             	9.32804811e-02	1.33111102e-02	4.06256583e-01	2.96408773e-01	1.09847810e-01
436             	9.32715426e-02	1.33079938e-02	4.06263211e-01	2.96403148e-01	1.09860063e-01
437             	9.32639326e-02	1.33053843e-02	4.06269405e-01	2.96398635e-01	1.09870770e-01
438             	9.32539735e-02	1.33019221e-02	4.06275345e-01	2.96391646e-01	1.09883699e-01
439             	9.32461757e-02	1.32992248e-02	4.06281473e-01	2.96386912e-01	1.09894561e-01
440             	9.32352830e-02	1.32954263e-02	4.06286751e-01	2.96378659e-01	1.09908093e-01
441             	9.32258075e-02	1.32921233e-02	4.06292124e-01	2.96371869e-01	1.09920254e-01
442             	9.32166524e-02	1.32889552e-02	4.06297064e-01	2.96365184e-01	1.09931880e-01
443             	9.32086731e-02	1.32862361e-02	4.06301906e-01	2.96359626e-01	1.09942280e-01
444             	9.32018375e-02	1.32839307e-02	4.06306749e-01	2.96355212e-01	1.09951537e-01
445             	9.31925073e-02	1.32807137e-02	4.06311214e-01	2.96348114e-01	1.09963100e-01
446             	9.31841663e-02	1.32778367e-02	4.06315940e-01	2.96342136e-01	1.09973804e-01
447             	9.31774943e-02	1.32755529e-02	4.06320733e-01	2.96337861e-01	1.09982872e-01
448             	9.31704923e-02	1.32731296e-02	4.06325641e-01	2.96333313e-01	1.09992328e-01
449             	9.31629305e-02	1.32704752e-02	4.06330716e-01	2.96328289e-01	1.10002428e-01
450             	9.31536147e-02	1.32671576e-02	4.06335666e-01	2.96321448e-01	1.10014218e-01
451             	9.31432561e-02	1.32634350e-02	4.06340083e-01	2.96313298e-01	1.10026785e-01
452             	9.31297857e-02	1.32585824e-02	4.06342215e-01	2.96300893e-01	1.10041322e-01
453             	9.31183101e-02	1.32545795e-02	4.06343280e-01	2.96289950e-01	1.10053330e-01
454             	9.31092912e-02	1.32515820e-02	4.06343689e-01	2.96281136e-01	1.10062553e-01
455             	9.31003164e-02	1.32487143e-02	4.06342856e-01	2.96271744e-01	1.10071111e-01
456             	9.30901807e-02	1.32455777e-02	4.06340117e-01	2.96260239e-01	1.10079878e-01
457             	9.30830810e-02	1.32434937e-02	4.06339126e-01	2.96252644e-01	1.10086482e-01
458             	9.30762799e-02	1.32415139e-02	4.06338559e-01	2.96245559e-01	1.10093000e-01
459             	9.30693487e-02	1.32394525e-02	4.06338596e-01	2.96238647e-01	1.10099949e-01
460             	9.30620505e-02	1.32371930e-02	4.06339326e-01	2.96231713e-01	1.10107612e-01
461             	9.30542736e-02	1.32346720e-02	4.06340704e-01	2.96224626e-01	1.10116078e-01
462             	9.30460088e-02	1.32318768e-02	4.06342558e-01	2.96217288e-01	1.10125270e-01
463             	9.30361658e-02	1.32284260e-02	4.06344102e-01	2.96208217e-01	1.10135885e-01
464             	9.30256656e-02	1.32246760e-02	4.06345082e-01	2.96198207e-01	1.10146875e-01
465             	9.30139544e-02	1.32204892e-02	4.06344340e-01	2.96186124e-01	1.10158216e-01
466             	9.30058594e-02	1.32177434e-02	4.06343917e-01	2.96177818e-01	1.10166099e-01
467             	9.29983554e-02	1.32152909e-02	4.06342789e-01	2.96169750e-01	1.10173039e-01
468             	9.29910858e-02	1.32129891e-02	4.06341180e-01	2.96161676e-01	1.10179504e-01
469             	9.29837931e-02	1.32107264e-02	4.06339257e-01	2.96153421e-01	1.10185835e-01
470             	9.29762972e-02	1.32084161e-02	4.06337125e-01	2.96144860e-01	1.10192265e-01
471             	9.29685003e-02	1.32060001e-02	4.06334841e-01	2.96135921e-01	1.10198920e-01
472             	9.29594499e-02	1.32031179e-02	4.06331812e-01	2.96125356e-01	1.10206456e-01
473             	9.29498540e-02	1.32000247e-02	4.06328209e-01	2.96113959e-01	1.10214251e-01
474             	9.29384775e-02	1.31963086e-02	4.06322495e-01	2.96099725e-01	1.10222770e-01
475             	9.29309963e-02	1.31939373e-02	4.06319709e-01	2.96090851e-01	1.10228858e-01
476             	9.29241585e-02	1.31918027e-02	4.06317183e-01	2.96082750e-01	1.10234433e-01
477             	9.29175789e-02	1.31897700e-02	4.06314879e-01	2.96075018e-01	1.10239861e-01
478             	9.29110157e-02	1.31877403e-02	4.06312815e-01	2.96067423e-01	1.10245392e-01
479             	9.29043100e-02	1.31856387e-02	4.06310970e-01	2.96059795e-01	1.10251175e-01
480             	9.28973716e-02	1.31834176e-02	4.06309257e-01	2.96052000e-01	1.10257257e-01
481             	9.28901747e-02	1.31810613e-02	4.06307527e-01	2.96043938e-01	1.10263589e-01
482             	9.28817675e-02	1.31782512e-02	4.06304743e-01	2.96034139e-01	1.10270604e-01
483             	9.28728693e-02	1.31752599e-02	4.06301052e-01	2.96023395e-01	1.10277657e-01
484             	9.28636990e-02	1.31721966e-02	4.06296233e-01	2.96011815e-01	1.10284417e-01
485             	9.28552931e-02	1.31694620e-02	4.06291075e-01	2.96000830e-01	1.10290244e-01
486             	9.28472570e-02	1.31669256e-02	4.06285320e-01	2.95989917e-01	1.10295403e-01
487             	9.28396782e-02	1.31646139e-02	4.06279330e-01	2.95979343e-01	1.10299987e-01
488             	9.28316088e-02	1.31622256e-02	4.06271938e-01	2.95967578e-01	1.10304360e-01
489             	9.28253144e-02	1.31604226e-02	4.06266744e-01	2.95958686e-01	1.10308057e-01
490             	9.28193816e-02	1.31587297e-02	4.06262159e-01	2.95950461e-01	1.10311698e-01
491             	9.28138915e-02	1.31571354e-02	4.06258601e-01	2.95943192e-01	1.10315409e-01
492             	9.28083664e-02	1.31554586e-02	4.06255603e-01	2.95936168e-01	1.10319435e-01
493             	9.28034967e-02	1.31539381e-02	4.06253846e-01	2.95930420e-01	1.10323426e-01
494             	9.27993827e-02	1.31526188e-02	4.06253100e-01	2.95925933e-01	1.10327167e-01
495             	9.27930375e-02	1.31504103e-02	4.06250998e-01	2.95918537e-01	1.10332462e-01
496             	9.27862559e-02	1.31480089e-02	4.06248362e-01	2.95910437e-01	1.10337925e-01
497             	9.27790185e-02	1.31454511e-02	4.06244719e-01	2.95901378e-01	1.10343341e-01
498             	9.27718643e-02	1.31429838e-02	4.06240252e-01	2.95891990e-01	1.10348262e-01
499             	9.27649353e-02	1.31406806e-02	4.06235025e-01	2.95882448e-01	1.10352577e-01
500             	9.27578680e-02	1.31384187e-02	4.06228621e-01	2.95872179e-01	1.10356443e-01
501             	9.27519350e-02	1.31366265e-02	4.06222935e-01	2.95863402e-01	1.10359532e-01
502             	9.27473863e-02	1.31353221e-02	4.06218703e-01	2.95856738e-01	1.10361965e-01
503             	9.27406967e-02	1.31333276e-02	4.06211495e-01	2.95846444e-01	1.10365051e-01
504             	9.27351171e-02	1.31316682e-02	4.06205956e-01	2.95838095e-01	1.10367861e-01
505             	9.27300260e-02	1.31301277e-02	4.06201248e-01	2.95830650e-01	1.10370598e-01
506             	9.27250605e-02	1.31285823e-02	4.06196946e-01	2.95823534e-01	1.10373413e-01
507             	9.27193927e-02	1.31267663e-02	4.06191916e-01	2.95815351e-01	1.10376565e-01
508             	9.27133905e-02	1.31248025e-02	4.06186573e-01	2.95806677e-01	1.10379896e-01
509             	9.27060731e-02	1.31223721e-02	4.06179335e-01	2.95795740e-01	1.10383594e-01
510             	9.26987234e-02	1.31199458e-02	4.06171575e-01	2.95784511e-01	1.10387064e-01
511             	9.26939906e-02	1.31184535e-02	4.06167093e-01	2.95777537e-01	1.10389556e-01
512             	9.26899193e-02	1.31172046e-02	4.06163204e-01	2.95771521e-01	1.10391683e-01
513             	9.26860994e-02	1.31160424e-02	4.06159559e-01	2.95765879e-01	1.10393680e-01
514             	9.26823239e-02	1.31148791e-02	4.06156026e-01	2.95760337e-01	1.10395689e-01
515             	9.26779590e-02	1.31134775e-02	4.06151854e-01	2.95753886e-01	1.10397968e-01
516             	9.26731575e-02	1.31119055e-02	4.06147086e-01	2.95746701e-01	1.10400386e-01
517             	9.26670694e-02	1.31098830e-02	4.06140235e-01	2.95737187e-01	1.10403048e-01
518             	9.26606997e-02	1.31077646e-02	4.06132565e-01	2.95726982e-01	1.10405583e-01
519             	9.26560073e-02	1.31062414e-02	4.06127134e-01	2.95719574e-01	1.10407560e-01
520             	9.26513313e-02	1.31047559e-02	4.06121355e-01	2.95712009e-01	1.10409346e-01
521             	9.26473673e-02	1.31035353e-02	4.06116480e-01	2.95705607e-01	1.10410873e-01
522             	9.26438153e-02	1.31024594e-02	4.06112117e-01	2.95699874e-01	1.10412243e-01
523             	9.26403746e-02	1.31014095e-02	4.06107942e-01	2.95694345e-01	1.10413596e-01
524             	9.26364873e-02	1.31001769e-02	4.06103193e-01	2.95688084e-01	1.10415109e-01
525             	9.26322335e-02	1.30987914e-02	4.06097960e-01	2.95681213e-01	1.10416747e-01
526             	9.26268465e-02	1.30969996e-02	4.06090828e-01	2.95672260e-01	1.10418567e-01
527             	9.26213106e-02	1.30951518e-02	4.06083201e-01	2.95662911e-01	1.10420290e-01
528             	9.26171268e-02	1.30937740e-02	4.06077639e-01	2.95655946e-01	1.10421692e-01
529             	9.26125254e-02	1.30922910e-02	4.06071023e-01	2.95648037e-01	1.10422986e-01
530             	9.26084707e-02	1.30910175e-02	4.06065080e-01	2.95641011e-01	1.10424069e-01
531             	9.26052748e-02	1.30900346e-02	4.06060497e-01	2.95635523e-01	1.10424974e-01
532             	9.26016091e-02	1.30889049e-02	4.06054983e-01	2.95629100e-01	1.10425882e-01
533             	9.25985768e-02	1.30879632e-02	4.06050593e-01	2.95623873e-01	1.10426720e-01
534             	9.25949611e-02	1.30868205e-02	4.06045140e-01	2.95617531e-01	1.10427609e-01
535             	9.25914726e-02	1.30857000e-02	4.06039910e-01	2.95611428e-01	1.10428483e-01
536             	9.25884808e-02	1.30847202e-02	4.06035589e-01	2.95606275e-01	1.10429314e-01
537             	9.25844367e-02	1.30833749e-02	4.06029285e-01	2.95599079e-01	1.10430206e-01
538             	9.25811816e-02	1.30822839e-02	4.06024377e-01	2.95593370e-01	1.10431007e-01
539             	9.25769830e-02	1.30808924e-02	4.06017523e-01	2.95585745e-01	1.10431779e-01
540             	9.25736480e-02	1.30797929e-02	4.06012164e-01	2.95579730e-01	1.10432434e-01
541             	9.25704066e-02	1.30787387e-02	4.06006811e-01	2.95573812e-01	1.10432999e-01
542             	9.25671204e-02	1.30776768e-02	4.06001223e-01	2.95567732e-01	1.10433491e-01
543             	9.25638892e-02	1.30766397e-02	4.05995602e-01	2.95561690e-01	1.10433912e-01
544             	9.25606519e-02	1.30756000e-02	4.05989855e-01	2.95555579e-01	1.10434276e-01
545             	9.25574368e-02	1.30745701e-02	4.05984046e-01	2.95549460e-01	1.10434586e-01
546             	9.25542415e-02	1.30735401e-02	4.05978190e-01	2.95543337e-01	1.10434854e-01
547             	9.25507129e-02	1.30724132e-02	4.05971526e-01	2.95536476e-01	1.10435050e-01
548             	9.25479269e-02	1.30715158e-02	4.05966337e-01	2.95531096e-01	1.10435242e-01
549             	9.25445969e-02	1.30704423e-02	4.05959938e-01	2.95524566e-01	1.10435372e-01
550             	9.25415284e-02	1.30694530e-02	4.05954002e-01	2.95518529e-01	1.10435473e-01
551             	9.25386474e-02	1.30685213e-02	4.05948382e-01	2.95512838e-01	1.10435543e-01
552             	9.25358889e-02	1.30676263e-02	4.05942947e-01	2.95507362e-01	1.10435585e-01
553             	9.25331952e-02	1.30667464e-02	4.05937579e-01	2.95501985e-01	1.10435594e-01
554             	9.25305238e-02	1.30658693e-02	4.05932185e-01	2.95496616e-01	1.10435569e-01
555             	9.25278426e-02	1.30649842e-02	4.05926692e-01	2.95491189e-01	1.10435504e-01
556             	9.25251376e-02	1.30640902e-02	4.05921063e-01	2.95485669e-01	1.10435394e-01
557             	9.25224056e-02	1.30631874e-02	4.05915284e-01	2.95480048e-01	1.10435236e-01
558             	9.25196579e-02	1.30622834e-02	4.05909376e-01	2.95474346e-01	1.10435030e-01
559             	9.25169090e-02	1.30613832e-02	4.05903371e-01	2.95468595e-01	1.10434777e-01
560             	9.25141792e-02	1.30604958e-02	4.05897315e-01	2.95462837e-01	1.10434478e-01
561             	9.25114871e-02	1.30596252e-02	4.05891255e-01	2.95457115e-01	1.10434140e-01
562             	9.25088458e-02	1.30587762e-02	4.05885224e-01	2.95451458e-01	1.10433766e-01
563             	9.25062624e-02	1.30579505e-02	4.05879244e-01	2.95445884e-01	1.10433360e-01
564             	9.25037402e-02	1.30571446e-02	4.05873328e-01	2.95440404e-01	1.10432924e-01
565             	9.25012786e-02	1.30563576e-02	4.05867480e-01	2.95435019e-01	1.10432462e-01
566             	9.24988697e-02	1.30555834e-02	4.05861687e-01	2.95429713e-01	1.10431974e-01
567             	9.24965064e-02	1.30548204e-02	4.05855933e-01	2.95424473e-01	1.10431460e-01
568             	9.24941806e-02	1.30540644e-02	4.05850204e-01	2.95419282e-01	1.10430921e-01
569             	9.24918877e-02	1.30533163e-02	4.05844490e-01	2.95414133e-01	1.10430357e-01
570             	9.24896211e-02	1.30525727e-02	4.05838778e-01	2.95409010e-01	1.10429768e-01
571             	9.24873766e-02	1.30518356e-02	4.05833058e-01	2.95403906e-01	1.10429153e-01
572             	9.24851500e-02	1.30511027e-02	4.05827321e-01	2.95398810e-01	1.10428511e-01
573             	9.24829408e-02	1.30503767e-02	4.05821565e-01	2.95393723e-01	1.10427842e-01
574             	9.24807481e-02	1.30496559e-02	4.05815788e-01	2.95388642e-01	1.10427146e-01
575             	9.24785734e-02	1.30489431e-02	4.05809994e-01	2.95383570e-01	1.10426424e-01
576             	9.24764167e-02	1.30482363e-02	4.05804184e-01	2.95378509e-01	1.10425675e-01
577             	9.24745216e-02	1.30476076e-02	4.05799003e-01	2.95374023e-01	1.10424980e-01
578             	9.24721701e-02	1.30468395e-02	4.05792541e-01	2.95368441e-01	1.10424100e-01
579             	9.24698510e-02	1.30460869e-02	4.05786108e-01	2.95362905e-01	1.10423203e-01
580             	9.24676558e-02	1.30453760e-02	4.05779954e-01	2.95357633e-01	1.10422321e-01
581             	9.24656010e-02	1.30447122e-02	4.05774128e-01	2.95352665e-01	1.10421463e-01
582             	9.24638661e-02	1.30441405e-02	4.05769118e-01	2.95348425e-01	1.10420693e-01
583             	9.24617311e-02	1.30434460e-02	4.05762945e-01	2.95343204e-01	1.10419741e-01
584             	9.24596917e-02	1.30427782e-02	4.05756973e-01	2.95338178e-01	1.10418795e-01
585             	9.24577750e-02	1.30421479e-02	4.05751283e-01	2.95333416e-01	1.10417866e-01
586             	9.24559522e-02	1.30415437e-02	4.05745799e-01	2.95328852e-01	1.10416947e-01
587             	9.24543706e-02	1.30410084e-02	4.05740942e-01	2.95324842e-01	1.10416101e-01
588             	9.24524055e-02	1.30403529e-02	4.05734920e-01	2.95319866e-01	1.10415055e-01
589             	9.24504866e-02	1.30397141e-02	4.05728980e-01	2.95314977e-01	1.10414003e-01
590             	9.24486338e-02	1.30390970e-02	4.05723192e-01	2.95310230e-01	1.10412962e-01
591             	9.24470211e-02	1.30385525e-02	4.05718069e-01	2.95306056e-01	1.10412014e-01
592             	9.24450067e-02	1.30378877e-02	4.05711729e-01	2.95300871e-01	1.10410858e-01
593             	9.24430836e-02	1.30372559e-02	4.05705631e-01	2.95295899e-01	1.10409732e-01
594             	9.24414480e-02	1.30367096e-02	4.05700353e-01	2.95291625e-01	1.10408729e-01
595             	9.24392528e-02	1.30360016e-02	4.05693427e-01	2.95285966e-01	1.10407461e-01
596             	9.24369677e-02	1.30352729e-02	4.05686269e-01	2.95280102e-01	1.10406167e-01
597             	9.24352920e-02	1.30347256e-02	4.05680822e-01	2.95275703e-01	1.10405119e-01
598             	9.24339367e-02	1.30342699e-02	4.05676287e-01	2.95272080e-01	1.10404207e-01
599             	9.24323793e-02	1.30337419e-02	4.05671070e-01	2.95267914e-01	1.10403156e-01
600             	9.24310665e-02	1.30332880e-02	4.05666510e-01	2.95264322e-01	1.10402189e-01
601             	9.24294249e-02	1.30327217e-02	4.05660845e-01	2.95259847e-01	1.10400998e-01
602             	9.24279743e-02	1.30322201e-02	4.05655697e-01	2.95255823e-01	1.10399874e-01
603             	9.24262392e-02	1.30316276e-02	4.05649611e-01	2.95251044e-01	1.10398566e-01
604             	9.24247572e-02	1.30311136e-02	4.05644308e-01	2.95246911e-01	1.10397397e-01
605             	9.24229179e-02	1.30304923e-02	4.05637866e-01	2.95241851e-01	1.10396015e-01
606             	9.24211808e-02	1.30299066e-02	4.05631776e-01	2.95237069e-01	1.10394707e-01
607             	9.24198511e-02	1.30294512e-02	4.05626997e-01	2.95233349e-01	1.10393647e-01
608             	9.24185243e-02	1.30289932e-02	4.05622207e-01	2.95229628e-01	1.10392579e-01
609             	9.24171611e-02	1.30285180e-02	4.05617250e-01	2.95225786e-01	1.10391464e-01
610             	9.24157379e-02	1.30280216e-02	4.05612035e-01	2.95221755e-01	1.10390279e-01
611             	9.24142482e-02	1.30275021e-02	4.05606539e-01	2.95217518e-01	1.10389021e-01
612             	9.24126934e-02	1.30269641e-02	4.05600782e-01	2.95213085e-01	1.10387698e-01
613             	9.24110847e-02	1.30264113e-02	4.05594820e-01	2.95208495e-01	1.10386325e-01
614             	9.24094386e-02	1.30258482e-02	4.05588730e-01	2.95203804e-01	1.10384926e-01
615             	9.24077730e-02	1.30252828e-02	4.05582594e-01	2.95199070e-01	1.10383524e-01
616             	9.24061077e-02	1.30247186e-02	4.05576489e-01	2.95194352e-01	1.10382137e-01
617             	9.24044585e-02	1.30241583e-02	4.05570472e-01	2.95189695e-01	1.10380778e-01
618             	9.24028347e-02	1.30236067e-02	4.05564573e-01	2.95185121e-01	1.10379452e-01
619             	9.24012439e-02	1.30230640e-02	4.05558805e-01	2.95180646e-01	1.10378159e-01
620             	9.23996874e-02	1.30225328e-02	4.05553157e-01	2.95176266e-01	1.10376891e-01
621             	9.23981657e-02	1.30220112e-02	4.05547610e-01	2.95171971e-01	1.10375639e-01
622             	9.23966771e-02	1.30214975e-02	4.05542139e-01	2.95167747e-01	1.10374393e-01
623             	9.23952155e-02	1.30209929e-02	4.05536711e-01	2.95163571e-01	1.10373140e-01
624             	9.23937770e-02	1.30204949e-02	4.05531299e-01	2.95159427e-01	1.10371873e-01
625             	9.23923583e-02	1.30200014e-02	4.05525886e-01	2.95155301e-01	1.10370585e-01
626             	9.23909546e-02	1.30195141e-02	4.05520458e-01	2.95151184e-01	1.10369274e-01
627             	9.23895635e-02	1.30190309e-02	4.05515011e-01	2.95147069e-01	1.10367942e-01
628             	9.23881830e-02	1.30185497e-02	4.05509547e-01	2.95142957e-01	1.10366591e-01
629             	9.23868101e-02	1.30180723e-02	4.05504072e-01	2.95138846e-01	1.10365226e-01
630             	9.23854450e-02	1.30175962e-02	4.05498598e-01	2.95134744e-01	1.10363854e-01
631             	9.23840868e-02	1.30171192e-02	4.05493133e-01	2.95130654e-01	1.10362480e-01
632             	9.23827314e-02	1.30166429e-02	4.05487679e-01	2.95126571e-01	1.10361108e-01
633             	9.23813784e-02	1.30161654e-02	4.05482241e-01	2.95122499e-01	1.10359742e-01
634             	9.23800275e-02	1.30156847e-02	4.05476823e-01	2.95118439e-01	1.10358384e-01
635             	9.23786741e-02	1.30152034e-02	4.05471415e-01	2.95114382e-01	1.10357034e-01
636             	9.23773182e-02	1.30147198e-02	4.05466015e-01	2.95110326e-01	1.10355689e-01
637             	9.23759600e-02	1.30142329e-02	4.05460618e-01	2.95106269e-01	1.10354349e-01
638             	9.23745969e-02	1.30137460e-02	4.05455215e-01	2.95102205e-01	1.10353011e-01
639             	9.23732317e-02	1.30132582e-02	4.05449809e-01	2.95098136e-01	1.10351673e-01
640             	9.23718667e-02	1.30127692e-02	4.05444399e-01	2.95094066e-01	1.10350333e-01
641             	9.23705001e-02	1.30122823e-02	4.05438978e-01	2.95089989e-01	1.10348989e-01
642             	9.23691346e-02	1.30117965e-02	4.05433550e-01	2.95085910e-01	1.10347640e-01
643             	9.23677739e-02	1.30113112e-02	4.05428123e-01	2.95081835e-01	1.10346288e-01
644             	9.23664172e-02	1.30108298e-02	4.05422697e-01	2.95077766e-01	1.10344931e-01
645             	9.23650659e-02	1.30103505e-02	4.05417274e-01	2.95073703e-01	1.10343571e-01
646             	9.23637222e-02	1.30098721e-02	4.05411859e-01	2.95069652e-01	1.10342207e-01
647             	9.23623844e-02	1.30093972e-02	4.05406454e-01	2.95065611e-01	1.10340843e-01
648             	9.23610562e-02	1.30089240e-02	4.05401071e-01	2.95061591e-01	1.10339479e-01
649             	9.23597383e-02	1.30084507e-02	4.05395711e-01	2.95057594e-01	1.10338117e-01
650             	9.23584266e-02	1.30079796e-02	4.05390367e-01	2.95053610e-01	1.10336757e-01
651             	9.23571214e-02	1.30075088e-02	4.05385041e-01	2.95049642e-01	1.10335399e-01
652             	9.23558224e-02	1.30070367e-02	4.05379730e-01	2.95045687e-01	1.10334043e-01
653             	9.23545251e-02	1.30065659e-02	4.05374425e-01	2.95041738e-01	1.10332687e-01
654             	9.23532309e-02	1.30060951e-02	4.05369129e-01	2.95037796e-01	1.10331334e-01
655             	9.23519415e-02	1.30056231e-02	4.05363848e-01	2.95033865e-01	1.10329982e-01
656             	9.23506537e-02	1.30051531e-02	4.05358574e-01	2.95029941e-01	1.10328633e-01
657             	9.23493693e-02	1.30046836e-02	4.05353311e-01	2.95026025e-01	1.10327286e-01
658             	9.23480902e-02	1.30042137e-02	4.05348062e-01	2.95022121e-01	1.10325941e-01
659             	9.23468134e-02	1.30037462e-02	4.05342821e-01	2.95018224e-01	1.10324597e-01
660             	9.23455402e-02	1.30032799e-02	4.05337589e-01	2.95014335e-01	1.10323254e-01
661             	9.23442727e-02	1.30028137e-02	4.05332370e-01	2.95010458e-01	1.10321912e-01
662             	9.23430127e-02	1.30023468e-02	4.05327169e-01	2.95006597e-01	1.10320572e-01
663             	9.23415961e-02	1.30018260e-02	4.05321417e-01	2.95002305e-01	1.10319112e-01
664             	9.23401169e-02	1.30012897e-02	4.05315470e-01	2.94997852e-01	1.10317618e-01
665             	9.23386926e-02	1.30007762e-02	4.05309760e-01	2.94993572e-01	1.10316187e-01
666             	9.23373571e-02	1.30002967e-02	4.05304409e-01	2.94989561e-01	1.10314847e-01
667             	9.23360598e-02	1.29998292e-02	4.05299215e-01	2.94985667e-01	1.10313548e-01
668             	9.23346679e-02	1.29993233e-02	4.05293717e-01	2.94981526e-01	1.10312191e-01
669             	9.23335757e-02	1.29989091e-02	4.05289221e-01	2.94978186e-01	1.10311035e-01
670             	9.23323521e-02	1.29984437e-02	4.05284220e-01	2.94974462e-01	1.10309758e-01
671             	9.23312308e-02	1.29980081e-02	4.05279510e-01	2.94970986e-01	1.10308524e-01
672             	9.23302948e-02	1.29976334e-02	4.05275381e-01	2.94967985e-01	1.10307396e-01
673             	9.23291857e-02	1.29971943e-02	4.05270551e-01	2.94964461e-01	1.10306090e-01
674             	9.23282011e-02	1.29968026e-02	4.05266120e-01	2.94961261e-01	1.10304859e-01
675             	9.23268840e-02	1.29962994e-02	4.05260475e-01	2.94957121e-01	1.10303353e-01
676             	9.23256754e-02	1.29958321e-02	4.05255217e-01	2.94953284e-01	1.10301933e-01
677             	9.23245048e-02	1.29953869e-02	4.05250149e-01	2.94949579e-01	1.10300570e-01
678             	9.23234855e-02	1.29949925e-02	4.05245675e-01	2.94946323e-01	1.10299352e-01
679             	9.23221366e-02	1.29944839e-02	4.05240073e-01	2.94942173e-01	1.10297900e-01
680             	9.23210626e-02	1.29940609e-02	4.05235450e-01	2.94938788e-01	1.10296662e-01
681             	9.23196729e-02	1.29935357e-02	4.05229794e-01	2.94934570e-01	1.10295224e-01
682             	9.23183211e-02	1.29930243e-02	4.05224318e-01	2.94930480e-01	1.10293838e-01
683             	9.23171565e-02	1.29925687e-02	4.05219489e-01	2.94926901e-01	1.10292588e-01
684             	9.23162036e-02	1.29921900e-02	4.05215395e-01	2.94923901e-01	1.10291494e-01
685             	9.23150789e-02	1.29917462e-02	4.05210667e-01	2.94920412e-01	1.10290255e-01
686             	9.23141267e-02	1.29913582e-02	4.05206496e-01	2.94917375e-01	1.10289121e-01
687             	9.23128633e-02	1.29908593e-02	4.05201192e-01	2.94913459e-01	1.10287733e-01
688             	9.23116029e-02	1.29903682e-02	4.05195879e-01	2.94909542e-01	1.10286337e-01
689             	9.23104725e-02	1.29899210e-02	4.05191000e-01	2.94905973e-01	1.10285027e-01
690             	9.23095259e-02	1.29895360e-02	4.05186774e-01	2.94902913e-01	1.10283861e-01
691             	9.23084290e-02	1.29890899e-02	4.05181991e-01	2.94899424e-01	1.10282566e-01
692             	9.23073800e-02	1.29886641e-02	4.05177386e-01	2.94896073e-01	1.10281313e-01
693             	9.23064531e-02	1.29882835e-02	4.05173217e-01	2.94893062e-01	1.10280155e-01
694             	9.23053266e-02	1.29878235e-02	4.05168305e-01	2.94889479e-01	1.10278826e-01
695             	9.23042136e-02	1.29873667e-02	4.05163448e-01	2.94885937e-01	1.10277510e-01
696             	9.23031119e-02	1.29869198e-02	4.05158656e-01	2.94882440e-01	1.10276216e-01
697             	9.23020288e-02	1.29864803e-02	4.05153953e-01	2.94879005e-01	1.10274948e-01
698             	9.23010742e-02	1.29860858e-02	4.05149719e-01	2.94875934e-01	1.10273785e-01
699             	9.22998215e-02	1.29855780e-02	4.05144422e-01	2.94872033e-01	1.10272390e-01
700             	9.22985840e-02	1.29850803e-02	4.05139217e-01	2.94868192e-01	1.10271024e-01
701             	9.22974052e-02	1.29846055e-02	4.05134250e-01	2.94864530e-01	1.10269720e-01
702             	9.22961795e-02	1.29841127e-02	4.05129166e-01	2.94860762e-01	1.10268403e-01
703             	9.22951805e-02	1.29836920e-02	4.05124856e-01	2.94857609e-01	1.10267248e-01
704             	9.22943234e-02	1.29833160e-02	4.05121011e-01	2.94854829e-01	1.10266182e-01
705             	9.22935253e-02	1.29829556e-02	4.05117327e-01	2.94852189e-01	1.10265138e-01
706             	9.22928294e-02	1.29826282e-02	4.05113949e-01	2.94849804e-01	1.10264145e-01
707             	9.22918509e-02	1.29821877e-02	4.05109450e-01	2.94846576e-01	1.10262874e-01
708             	9.22909260e-02	1.29817731e-02	4.05105106e-01	2.94843479e-01	1.10261627e-01
709             	9.22901170e-02	1.29814064e-02	4.05101199e-01	2.94840716e-01	1.10260482e-01
710             	9.22891048e-02	1.29809627e-02	4.05096516e-01	2.94837363e-01	1.10259153e-01
711             	9.22882124e-02	1.29805617e-02	4.05092307e-01	2.94834366e-01	1.10257941e-01
712             	9.22869024e-02	1.29800161e-02	4.05086671e-01	2.94830238e-01	1.10256433e-01
713             	9.22856906e-02	1.29795103e-02	4.05081471e-01	2.94826426e-01	1.10255045e-01
714             	9.22847968e-02	1.29791132e-02	4.05077445e-01	2.94823519e-01	1.10253926e-01
715             	9.22839803e-02	1.29787364e-02	4.05073721e-01	2.94820841e-01	1.10252880e-01
716             	9.22832845e-02	1.29784046e-02	4.05070429e-01	2.94818499e-01	1.10251930e-01
717             	9.22824260e-02	1.29780002e-02	4.05066471e-01	2.94815662e-01	1.10250810e-01
718             	9.22815645e-02	1.29775920e-02	4.05062457e-01	2.94812793e-01	1.10249664e-01
719             	9.22807009e-02	1.29771812e-02	4.05058396e-01	2.94809899e-01	1.10248497e-01
720             	9.22798353e-02	1.29767679e-02	4.05054303e-01	2.94806987e-01	1.10247316e-01
721             	9.22790537e-02	1.29763963e-02	4.05050526e-01	2.94804316e-01	1.10246209e-01
722             	9.22780785e-02	1.29759470e-02	4.05046002e-01	2.94801080e-01	1.10244923e-01
723             	9.22771200e-02	1.29755060e-02	4.05041566e-01	2.94797903e-01	1.10243663e-01
724             	9.22762039e-02	1.29750797e-02	4.05037319e-01	2.94794863e-01	1.10242455e-01
725             	9.22753271e-02	1.29746730e-02	4.05033256e-01	2.94791955e-01	1.10241301e-01
726             	9.22744884e-02	1.29742802e-02	4.05029353e-01	2.94789165e-01	1.10240188e-01
727             	9.22737690e-02	1.29739301e-02	4.05025889e-01	2.94786713e-01	1.10239175e-01
728             	9.22728215e-02	1.29734812e-02	4.05021540e-01	2.94783592e-01	1.10237949e-01
729             	9.22718991e-02	1.29730371e-02	4.05017282e-01	2.94780540e-01	1.10236742e-01
730             	9.22710276e-02	1.29726176e-02	4.05013226e-01	2.94777640e-01	1.10235585e-01
731             	9.22701185e-02	1.29721848e-02	4.05009057e-01	2.94774647e-01	1.10234410e-01
732             	9.22693900e-02	1.29718166e-02	4.05005538e-01	2.94772159e-01	1.10233379e-01
733             	9.22686182e-02	1.29714221e-02	4.05001843e-01	2.94769540e-01	1.10232303e-01
734             	9.22679091e-02	1.29710526e-02	4.04998359e-01	2.94767089e-01	1.10231270e-01
735             	9.22673038e-02	1.29707221e-02	4.04995224e-01	2.94764916e-01	1.10230308e-01
736             	9.22666016e-02	1.29703460e-02	4.04991678e-01	2.94762440e-01	1.10229237e-01
737             	9.22658477e-02	1.29699486e-02	4.04987919e-01	2.94759807e-01	1.10228112e-01
738             	9.22651580e-02	1.29695701e-02	4.04984370e-01	2.94757343e-01	1.10227027e-01
739             	9.22644750e-02	1.29692015e-02	4.04980858e-01	2.94754904e-01	1.10225954e-01
740             	9.22639148e-02	1.29688834e-02	4.04977824e-01	2.94752827e-01	1.10224997e-01
741             	9.22633323e-02	1.29685521e-02	4.04974689e-01	2.94750677e-01	1.10224012e-01
742             	9.22627200e-02	1.29682018e-02	4.04971419e-01	2.94748430e-01	1.10222990e-01
743             	9.22620771e-02	1.29678309e-02	4.04968013e-01	2.94746084e-01	1.10221929e-01
744             	9.22613878e-02	1.29674444e-02	4.04964437e-01	2.94743606e-01	1.10220831e-01
745             	9.22606591e-02	1.29670456e-02	4.04960733e-01	2.94741026e-01	1.10219708e-01
746             	9.22599045e-02	1.29666397e-02	4.04956965e-01	2.94738387e-01	1.10218578e-01
747             	9.22591421e-02	1.29662306e-02	4.04953207e-01	2.94735746e-01	1.10217461e-01
748             	9.22583862e-02	1.29658229e-02	4.04949514e-01	2.94733143e-01	1.10216371e-01
749             	9.22576372e-02	1.29654242e-02	4.04945895e-01	2.94730585e-01	1.10215310e-01
750             	9.22569101e-02	1.29650353e-02	4.04942388e-01	2.94728104e-01	1.10214284e-01
751             	9.22562149e-02	1.29646551e-02	4.04939005e-01	2.94725718e-01	1.10213288e-01
752             	9.22555533e-02	1.29642815e-02	4.04935734e-01	2.94723421e-01	1.10212314e-01
753             	9.22549215e-02	1.29639120e-02	4.04932546e-01	2.94721194e-01	1.10211351e-01
754             	9.22543041e-02	1.29635491e-02	4.04929387e-01	2.94718998e-01	1.10210390e-01
755             	9.22537010e-02	1.29631901e-02	4.04926252e-01	2.94716827e-01	1.10209425e-01
756             	9.22531119e-02	1.29628324e-02	4.04923135e-01	2.94714679e-01	1.10208456e-01
757             	9.22525332e-02	1.29624740e-02	4.04920027e-01	2.94712547e-01	1.10207480e-01
758             	9.22519621e-02	1.29621140e-02	4.04916926e-01	2.94710425e-01	1.10206501e-01
759             	9.22513885e-02	1.29617572e-02	4.04913818e-01	2.94708298e-01	1.10205521e-01
760             	9.22508131e-02	1.29614017e-02	4.04910710e-01	2.94706168e-01	1.10204542e-01
761             	9.22502378e-02	1.29610465e-02	4.04907608e-01	2.94704042e-01	1.10203566e-01
