# Force coefficients
# liftDir       : (-2.58818960e-01 9.65925849e-01 0.00000000e+00)
# dragDir       : (9.65925849e-01 2.58818960e-01 0.00000000e+00)
# pitchAxis     : (0.00000000e+00 0.00000000e+00 1.00000000e+00)
# magUInf       : 1.50000000e+01
# lRef          : 1.00000000e+00
# Aref          : 1.00000000e-02
# CofR          : (2.50000000e-01 0.00000000e+00 0.00000000e+00)
# Time          	Cm              	Cd              	Cl              	Cl(f)           	Cl(r)           
4102            	-2.49185878e-02	4.88209897e-02	1.32762340e+00	6.38893110e-01	6.88730286e-01
4103            	-2.47868797e-02	4.89082790e-02	1.32811781e+00	6.39272025e-01	6.88845784e-01
4104            	-2.45486474e-02	4.91564516e-02	1.32901739e+00	6.39960049e-01	6.89057344e-01
4105            	-2.43715932e-02	4.93694924e-02	1.32976312e+00	6.40509966e-01	6.89253152e-01
4106            	-2.42614802e-02	4.95343599e-02	1.33031092e+00	6.40893978e-01	6.89416938e-01
4107            	-2.41954080e-02	4.96653538e-02	1.33075683e+00	6.41183006e-01	6.89573822e-01
4108            	-2.41732233e-02	4.97549807e-02	1.33107448e+00	6.41364018e-01	6.89710465e-01
4109            	-2.41980944e-02	4.97759178e-02	1.33118755e+00	6.41395678e-01	6.89791867e-01
4110            	-2.42611496e-02	4.97250223e-02	1.33108694e+00	6.41282319e-01	6.89804618e-01
4111            	-2.43410713e-02	4.96266908e-02	1.33082916e+00	6.41073509e-01	6.89755651e-01
4112            	-2.44357571e-02	4.94842507e-02	1.33043256e+00	6.40780523e-01	6.89652037e-01
4113            	-2.45187538e-02	4.93447941e-02	1.33002984e+00	6.40496164e-01	6.89533671e-01
4114            	-2.45976229e-02	4.91983691e-02	1.32959881e+00	6.40201784e-01	6.89397030e-01
4115            	-2.46815374e-02	4.90339628e-02	1.32909716e+00	6.39867041e-01	6.89230116e-01
4116            	-2.47511140e-02	4.88972744e-02	1.32866127e+00	6.39579522e-01	6.89081750e-01
4117            	-2.47996091e-02	4.88054698e-02	1.32835384e+00	6.39377310e-01	6.88976528e-01
4118            	-2.48349736e-02	4.87474118e-02	1.32814510e+00	6.39237575e-01	6.88907523e-01
4119            	-2.48588205e-02	4.87210868e-02	1.32803643e+00	6.39159397e-01	6.88877038e-01
4120            	-2.48724890e-02	4.87223013e-02	1.32802274e+00	6.39138879e-01	6.88883857e-01
4121            	-2.48769329e-02	4.87450598e-02	1.32809297e+00	6.39169551e-01	6.88923417e-01
4122            	-2.48734398e-02	4.87804963e-02	1.32822647e+00	6.39239797e-01	6.88986677e-01
4123            	-2.48641427e-02	4.88182109e-02	1.32839373e+00	6.39332720e-01	6.89061006e-01
4124            	-2.48544667e-02	4.88433197e-02	1.32854170e+00	6.39416386e-01	6.89125319e-01
4125            	-2.48451224e-02	4.88549243e-02	1.32866626e+00	6.39488006e-01	6.89178250e-01
4126            	-2.48391647e-02	4.88482714e-02	1.32874651e+00	6.39534090e-01	6.89212420e-01
4127            	-2.48386173e-02	4.88224267e-02	1.32877253e+00	6.39547646e-01	6.89224881e-01
4128            	-2.48443196e-02	4.87795855e-02	1.32874496e+00	6.39528162e-01	6.89216801e-01
4129            	-2.48559762e-02	4.87242038e-02	1.32867327e+00	6.39480657e-01	6.89192609e-01
4130            	-2.48723206e-02	4.86620957e-02	1.32857339e+00	6.39414376e-01	6.89159017e-01
4131            	-2.48912062e-02	4.85996045e-02	1.32846501e+00	6.39341298e-01	6.89123711e-01
4132            	-2.49100447e-02	4.85427358e-02	1.32836835e+00	6.39274132e-01	6.89094222e-01
4133            	-2.49262128e-02	4.84963818e-02	1.32830103e+00	6.39224305e-01	6.89076730e-01
4134            	-2.49375312e-02	4.84636488e-02	1.32827528e+00	6.39200111e-01	6.89075173e-01
4135            	-2.49428121e-02	4.84472180e-02	1.32828866e+00	6.39201516e-01	6.89087140e-01
4136            	-2.49421708e-02	4.84426533e-02	1.32834451e+00	6.39230083e-01	6.89114425e-01
4137            	-2.49323951e-02	4.84523267e-02	1.32846686e+00	6.39301036e-01	6.89165826e-01
4138            	-2.49156938e-02	4.84736073e-02	1.32862813e+00	6.39398371e-01	6.89229759e-01
4139            	-2.48930478e-02	4.85043618e-02	1.32881825e+00	6.39516077e-01	6.89302172e-01
4140            	-2.48659289e-02	4.85420728e-02	1.32902577e+00	6.39646957e-01	6.89378815e-01
4141            	-2.48356702e-02	4.85846435e-02	1.32924239e+00	6.39785522e-01	6.89456863e-01
4142            	-2.48034919e-02	4.86303058e-02	1.32946219e+00	6.39927604e-01	6.89534588e-01
4143            	-2.47706482e-02	4.86774096e-02	1.32968109e+00	6.40069899e-01	6.89611195e-01
4144            	-2.47383104e-02	4.87244193e-02	1.32989670e+00	6.40210039e-01	6.89686659e-01
4145            	-2.47074224e-02	4.87701540e-02	1.33010868e+00	6.40346919e-01	6.89761764e-01
4146            	-2.46786570e-02	4.88137201e-02	1.33031815e+00	6.40480420e-01	6.89837734e-01
4147            	-2.46522946e-02	4.88547356e-02	1.33052780e+00	6.40611603e-01	6.89916192e-01
4148            	-2.46281895e-02	4.88933525e-02	1.33074182e+00	6.40742723e-01	6.89999102e-01
4149            	-2.46059226e-02	4.89300882e-02	1.33096488e+00	6.40876516e-01	6.90088361e-01
4150            	-2.45849040e-02	4.89656502e-02	1.33120120e+00	6.41015695e-01	6.90185503e-01
4151            	-2.45644978e-02	4.90007571e-02	1.33145380e+00	6.41162402e-01	6.90291397e-01
4152            	-2.45440424e-02	4.90360533e-02	1.33172436e+00	6.41318137e-01	6.90406222e-01
4153            	-2.45186649e-02	4.90786922e-02	1.33205839e+00	6.41510529e-01	6.90547859e-01
4154            	-2.44928628e-02	4.91209587e-02	1.33239785e+00	6.41706060e-01	6.90691786e-01
4155            	-2.44666287e-02	4.91623979e-02	1.33273755e+00	6.41902148e-01	6.90835405e-01
4156            	-2.44401069e-02	4.92024481e-02	1.33307438e+00	6.42097084e-01	6.90977298e-01
4157            	-2.44135659e-02	4.92405362e-02	1.33340712e+00	6.42289994e-01	6.91117126e-01
4158            	-2.43874031e-02	4.92761214e-02	1.33373588e+00	6.42480538e-01	6.91255344e-01
4159            	-2.43619789e-02	4.93088126e-02	1.33406179e+00	6.42668914e-01	6.91392872e-01
4160            	-2.43376240e-02	4.93383595e-02	1.33438657e+00	6.42855659e-01	6.91530907e-01
4161            	-2.43145593e-02	4.93646456e-02	1.33471221e+00	6.43041547e-01	6.91670666e-01
4162            	-2.42928847e-02	4.93876270e-02	1.33504039e+00	6.43227310e-01	6.91813080e-01
4163            	-2.42726054e-02	4.94072673e-02	1.33537223e+00	6.43413509e-01	6.91958719e-01
4164            	-2.42535383e-02	4.94235445e-02	1.33570836e+00	6.43600644e-01	6.92107720e-01
4165            	-2.42354331e-02	4.94363707e-02	1.33604886e+00	6.43788998e-01	6.92259864e-01
4166            	-2.42179840e-02	4.94455981e-02	1.33639338e+00	6.43978706e-01	6.92414674e-01
4167            	-2.42009216e-02	4.94509922e-02	1.33674116e+00	6.44169657e-01	6.92571501e-01
4168            	-2.41839391e-02	4.94523133e-02	1.33709154e+00	6.44361832e-01	6.92729710e-01
4169            	-2.41643277e-02	4.94486215e-02	1.33747999e+00	6.44575668e-01	6.92904324e-01
4170            	-2.41448706e-02	4.94411968e-02	1.33785746e+00	6.44783862e-01	6.93073603e-01
4171            	-2.41257920e-02	4.94294044e-02	1.33822129e+00	6.44984852e-01	6.93236436e-01
4172            	-2.41073100e-02	4.94124043e-02	1.33857192e+00	6.45178648e-01	6.93393268e-01
4173            	-2.40896848e-02	4.93894286e-02	1.33891196e+00	6.45366293e-01	6.93545662e-01
4174            	-2.40731778e-02	4.93600382e-02	1.33924504e+00	6.45549341e-01	6.93695696e-01
4175            	-2.40579272e-02	4.93242992e-02	1.33957477e+00	6.45729460e-01	6.93845314e-01
4176            	-2.40421830e-02	4.92801104e-02	1.33992804e+00	6.45921837e-01	6.94006203e-01
4177            	-2.40283763e-02	4.92328598e-02	1.34027098e+00	6.46107114e-01	6.94163866e-01
4178            	-2.40165486e-02	4.91830412e-02	1.34060315e+00	6.46285026e-01	6.94318123e-01
4179            	-2.40067501e-02	4.91303647e-02	1.34092559e+00	6.46456047e-01	6.94469547e-01
4180            	-2.39989601e-02	4.90741702e-02	1.34124008e+00	6.46621081e-01	6.94619002e-01
4181            	-2.39932125e-02	4.90136712e-02	1.34154809e+00	6.46780830e-01	6.94767255e-01
4182            	-2.39887455e-02	4.89439373e-02	1.34186911e+00	6.46945810e-01	6.94923301e-01
4183            	-2.39865741e-02	4.88710914e-02	1.34217568e+00	6.47101263e-01	6.95074412e-01
4184            	-2.39866978e-02	4.87946288e-02	1.34246567e+00	6.47246136e-01	6.95219532e-01
4185            	-2.39891561e-02	4.87136242e-02	1.34273871e+00	6.47380201e-01	6.95358513e-01
4186            	-2.39939065e-02	4.86271319e-02	1.34299609e+00	6.47504137e-01	6.95491950e-01
4187            	-2.40008891e-02	4.85344624e-02	1.34323995e+00	6.47619086e-01	6.95620864e-01
4188            	-2.40099416e-02	4.84354136e-02	1.34347271e+00	6.47726412e-01	6.95746295e-01
4189            	-2.40208098e-02	4.83302809e-02	1.34369653e+00	6.47827453e-01	6.95869072e-01
4190            	-2.40331606e-02	4.82197475e-02	1.34391307e+00	6.47923373e-01	6.95989695e-01
4191            	-2.40466640e-02	4.81046731e-02	1.34412341e+00	6.48015043e-01	6.96108371e-01
4192            	-2.40615607e-02	4.79806400e-02	1.34433655e+00	6.48106715e-01	6.96229837e-01
4193            	-2.40765305e-02	4.78571861e-02	1.34453943e+00	6.48193183e-01	6.96346244e-01
4194            	-2.40906432e-02	4.77399229e-02	1.34472496e+00	6.48271835e-01	6.96453122e-01
4195            	-2.41056174e-02	4.76140111e-02	1.34491465e+00	6.48351707e-01	6.96562942e-01
4196            	-2.41196384e-02	4.74935791e-02	1.34509162e+00	6.48426173e-01	6.96665450e-01
4197            	-2.41344326e-02	4.73645065e-02	1.34527514e+00	6.48503138e-01	6.96772003e-01
4198            	-2.41481239e-02	4.72416377e-02	1.34544875e+00	6.48576251e-01	6.96872499e-01
4199            	-2.41622679e-02	4.71115705e-02	1.34562995e+00	6.48652706e-01	6.96977242e-01
4200            	-2.41756015e-02	4.69838149e-02	1.34580906e+00	6.48728929e-01	6.97080132e-01
4201            	-2.41874583e-02	4.68639731e-02	1.34597956e+00	6.48802321e-01	6.97177237e-01
4202            	-2.41991168e-02	4.67388941e-02	1.34615947e+00	6.48880620e-01	6.97278854e-01
4203            	-2.42096466e-02	4.66169417e-02	1.34633960e+00	6.48960152e-01	6.97379445e-01
4204            	-2.42189697e-02	4.64983979e-02	1.34652027e+00	6.49041163e-01	6.97479102e-01
4205            	-2.42271225e-02	4.63831105e-02	1.34670206e+00	6.49123910e-01	6.97578155e-01
4206            	-2.42342184e-02	4.62707455e-02	1.34688561e+00	6.49208584e-01	6.97677021e-01
4207            	-2.42404077e-02	4.61609887e-02	1.34707134e+00	6.49295261e-01	6.97776076e-01
4208            	-2.42458512e-02	4.60536393e-02	1.34725939e+00	6.49383842e-01	6.97875545e-01
4209            	-2.42506968e-02	4.59486488e-02	1.34744952e+00	6.49474064e-01	6.97975458e-01
4210            	-2.42550694e-02	4.58460885e-02	1.34764120e+00	6.49565533e-01	6.98075672e-01
4211            	-2.42590712e-02	4.57460898e-02	1.34783370e+00	6.49657778e-01	6.98175920e-01
4212            	-2.42627774e-02	4.56488073e-02	1.34802624e+00	6.49750340e-01	6.98275895e-01
4213            	-2.42662514e-02	4.55543619e-02	1.34821810e+00	6.49842796e-01	6.98375299e-01
4214            	-2.42700284e-02	4.54655286e-02	1.34839947e+00	6.49929709e-01	6.98469766e-01
4215            	-2.42732380e-02	4.53750503e-02	1.34859266e+00	6.50023091e-01	6.98569567e-01
4216            	-2.42762776e-02	4.52878553e-02	1.34878410e+00	6.50115772e-01	6.98668327e-01
4217            	-2.42796796e-02	4.52065916e-02	1.34896336e+00	6.50201999e-01	6.98761358e-01
4218            	-2.42829647e-02	4.51271423e-02	1.34914324e+00	6.50288657e-01	6.98854587e-01
4219            	-2.42861166e-02	4.50496025e-02	1.34932387e+00	6.50375817e-01	6.98948050e-01
4220            	-2.42891009e-02	4.49742855e-02	1.34950466e+00	6.50463229e-01	6.99041431e-01
4221            	-2.42918890e-02	4.49015290e-02	1.34968468e+00	6.50550453e-01	6.99134231e-01
4222            	-2.42944783e-02	4.48315509e-02	1.34986293e+00	6.50636985e-01	6.99225941e-01
4223            	-2.42969020e-02	4.47643895e-02	1.35003855e+00	6.50722374e-01	6.99316178e-01
4224            	-2.42992258e-02	4.46999150e-02	1.35021104e+00	6.50806294e-01	6.99404746e-01
4225            	-2.43015334e-02	4.46378883e-02	1.35038021e+00	6.50888572e-01	6.99491639e-01
4226            	-2.43039090e-02	4.45780288e-02	1.35054616e+00	6.50969173e-01	6.99576991e-01
4227            	-2.43064191e-02	4.45200802e-02	1.35070918e+00	6.51048173e-01	6.99661011e-01
4228            	-2.43091022e-02	4.44638440e-02	1.35086963e+00	6.51125714e-01	6.99743919e-01
4229            	-2.43119645e-02	4.44091914e-02	1.35102787e+00	6.51201972e-01	6.99825901e-01
4230            	-2.43149841e-02	4.43560543e-02	1.35118421e+00	6.51277122e-01	6.99907090e-01
4231            	-2.43181201e-02	4.43044027e-02	1.35133889e+00	6.51351324e-01	6.99987564e-01
4232            	-2.43213239e-02	4.42542217e-02	1.35149206e+00	6.51424707e-01	7.00067355e-01
4233            	-2.43245504e-02	4.42054897e-02	1.35164384e+00	6.51497369e-01	7.00146470e-01
4234            	-2.43277663e-02	4.41581645e-02	1.35179428e+00	6.51569376e-01	7.00224908e-01
4235            	-2.43309569e-02	4.41121764e-02	1.35194343e+00	6.51640759e-01	7.00302672e-01
4236            	-2.43341257e-02	4.40674296e-02	1.35209130e+00	6.51711525e-01	7.00379776e-01
4237            	-2.43372909e-02	4.40238096e-02	1.35223791e+00	6.51781666e-01	7.00456248e-01
4238            	-2.43404816e-02	4.39811906e-02	1.35238329e+00	6.51851166e-01	7.00532129e-01
4239            	-2.43437322e-02	4.39394444e-02	1.35252747e+00	6.51920004e-01	7.00607468e-01
4240            	-2.43470769e-02	4.38984483e-02	1.35267048e+00	6.51988163e-01	7.00682317e-01
4241            	-2.43505443e-02	4.38580918e-02	1.35281237e+00	6.52055640e-01	7.00756728e-01
4242            	-2.43541545e-02	4.38182799e-02	1.35295319e+00	6.52122443e-01	7.00830752e-01
4243            	-2.43579178e-02	4.37789342e-02	1.35309303e+00	6.52188595e-01	7.00904431e-01
4244            	-2.43618348e-02	4.37399928e-02	1.35323194e+00	6.52254133e-01	7.00977803e-01
4245            	-2.43658966e-02	4.37014081e-02	1.35337001e+00	6.52319107e-01	7.01050900e-01
4246            	-2.43700873e-02	4.36631458e-02	1.35350732e+00	6.52383574e-01	7.01123749e-01
4247            	-2.43743864e-02	4.36251804e-02	1.35364397e+00	6.52447600e-01	7.01196373e-01
4248            	-2.43787718e-02	4.35874922e-02	1.35378005e+00	6.52511251e-01	7.01268794e-01
4249            	-2.43832215e-02	4.35500649e-02	1.35391562e+00	6.52574590e-01	7.01341033e-01
4250            	-2.43877164e-02	4.35128831e-02	1.35405078e+00	6.52637675e-01	7.01413107e-01
4251            	-2.43922392e-02	4.34759322e-02	1.35418560e+00	6.52700559e-01	7.01485037e-01
4252            	-2.43967747e-02	4.34391991e-02	1.35432013e+00	6.52763290e-01	7.01556840e-01
4253            	-2.44013093e-02	4.34026711e-02	1.35445444e+00	6.52825911e-01	7.01628530e-01
4254            	-2.44058311e-02	4.33663350e-02	1.35458857e+00	6.52888456e-01	7.01700118e-01
4255            	-2.44103278e-02	4.33301775e-02	1.35472258e+00	6.52950962e-01	7.01771618e-01
4256            	-2.44147860e-02	4.32941881e-02	1.35485650e+00	6.53013465e-01	7.01843037e-01
4257            	-2.44191904e-02	4.32583588e-02	1.35499038e+00	6.53075999e-01	7.01914380e-01
4258            	-2.44233702e-02	4.32210510e-02	1.35513110e+00	6.53142179e-01	7.01988920e-01
4259            	-2.44275198e-02	4.31865777e-02	1.35526205e+00	6.53203507e-01	7.02058547e-01
4260            	-2.44314414e-02	4.31504997e-02	1.35539969e+00	6.53268402e-01	7.02131285e-01
4261            	-2.44353479e-02	4.31168502e-02	1.35552836e+00	6.53328831e-01	7.02199527e-01
4262            	-2.44390516e-02	4.30812246e-02	1.35566474e+00	6.53393318e-01	7.02271421e-01
4263            	-2.44425887e-02	4.30461525e-02	1.35580011e+00	6.53457468e-01	7.02342645e-01
4264            	-2.44460786e-02	4.30131840e-02	1.35592794e+00	6.53517893e-01	7.02410050e-01
4265            	-2.44491683e-02	4.29767731e-02	1.35606915e+00	6.53585406e-01	7.02483743e-01
4266            	-2.44520514e-02	4.29428525e-02	1.35620441e+00	6.53650154e-01	7.02554256e-01
4267            	-2.44546254e-02	4.29093951e-02	1.35633947e+00	6.53715111e-01	7.02624362e-01
4268            	-2.44568736e-02	4.28762464e-02	1.35647477e+00	6.53780512e-01	7.02694259e-01
4269            	-2.44587798e-02	4.28433033e-02	1.35661073e+00	6.53846584e-01	7.02764143e-01
4270            	-2.44603207e-02	4.28105353e-02	1.35674766e+00	6.53913510e-01	7.02834151e-01
4271            	-2.44612628e-02	4.27768006e-02	1.35689022e+00	6.53983846e-01	7.02906372e-01
4272            	-2.44619805e-02	4.27451993e-02	1.35702745e+00	6.54051743e-01	7.02975704e-01
4273            	-2.44620354e-02	4.27126827e-02	1.35717016e+00	6.54123047e-01	7.03047117e-01
4274            	-2.44619253e-02	4.26820771e-02	1.35730754e+00	6.54191844e-01	7.03115695e-01
4275            	-2.44614110e-02	4.26514861e-02	1.35744617e+00	6.54261675e-01	7.03184497e-01
4276            	-2.44601567e-02	4.26198030e-02	1.35759126e+00	6.54335476e-01	7.03255789e-01
4277            	-2.44588027e-02	4.25899001e-02	1.35773131e+00	6.54406851e-01	7.03324456e-01
4278            	-2.44566162e-02	4.25590792e-02	1.35787778e+00	6.54482272e-01	7.03395504e-01
4279            	-2.44543613e-02	4.25300384e-02	1.35801890e+00	6.54555089e-01	7.03463812e-01
4280            	-2.44516121e-02	4.25011120e-02	1.35816155e+00	6.54629163e-01	7.03532387e-01
4281            	-2.44483365e-02	4.24723076e-02	1.35830601e+00	6.54704670e-01	7.03601343e-01
4282            	-2.44440015e-02	4.24427950e-02	1.35845754e+00	6.54784770e-01	7.03672773e-01
4283            	-2.44391674e-02	4.24142486e-02	1.35860833e+00	6.54864998e-01	7.03743332e-01
4284            	-2.44344430e-02	4.23874529e-02	1.35875248e+00	6.54941799e-01	7.03810685e-01
4285            	-2.44292386e-02	4.23607709e-02	1.35889762e+00	6.55019572e-01	7.03878049e-01
4286            	-2.44229306e-02	4.23332976e-02	1.35904979e+00	6.55101966e-01	7.03947827e-01
4287            	-2.44168927e-02	4.23072443e-02	1.35919582e+00	6.55181016e-01	7.04014801e-01
4288            	-2.44097146e-02	4.22804944e-02	1.35934894e+00	6.55264756e-01	7.04084185e-01
4289            	-2.44028865e-02	4.22551380e-02	1.35949572e+00	6.55344973e-01	7.04150746e-01
4290            	-2.43955901e-02	4.22298746e-02	1.35964396e+00	6.55426391e-01	7.04217571e-01
4291            	-2.43877890e-02	4.22047332e-02	1.35979395e+00	6.55509185e-01	7.04284763e-01
4292            	-2.43794678e-02	4.21798031e-02	1.35994558e+00	6.55593324e-01	7.04352259e-01
4293            	-2.43706328e-02	4.21551817e-02	1.36009852e+00	6.55678629e-01	7.04419894e-01
4294            	-2.43624915e-02	4.21315760e-02	1.36024327e+00	6.55759142e-01	7.04484125e-01
4295            	-2.43515871e-02	4.21064957e-02	1.36040706e+00	6.55851945e-01	7.04555119e-01
4296            	-2.43426704e-02	4.20835970e-02	1.36055285e+00	6.55933756e-01	7.04619097e-01
4297            	-2.43310328e-02	4.20593330e-02	1.36071664e+00	6.56027285e-01	7.04689350e-01
4298            	-2.43216838e-02	4.20370639e-02	1.36086110e+00	6.56108864e-01	7.04752231e-01
4299            	-2.43120297e-02	4.20144948e-02	1.36100708e+00	6.56191510e-01	7.04815570e-01
4300            	-2.43020312e-02	4.19916056e-02	1.36115531e+00	6.56275623e-01	7.04879686e-01
4301            	-2.42892294e-02	4.19673879e-02	1.36132223e+00	6.56371885e-01	7.04950343e-01
4302            	-2.42790831e-02	4.19453499e-02	1.36146837e+00	6.56455104e-01	7.05013270e-01
4303            	-2.42687752e-02	4.19233227e-02	1.36161481e+00	6.56538632e-01	7.05076182e-01
4304            	-2.42582873e-02	4.19012264e-02	1.36176211e+00	6.56622769e-01	7.05139343e-01
4305            	-2.42476225e-02	4.18790877e-02	1.36191045e+00	6.56707602e-01	7.05202847e-01
4306            	-2.42368104e-02	4.18569909e-02	1.36205963e+00	6.56793004e-01	7.05266624e-01
4307            	-2.42259058e-02	4.18350222e-02	1.36220917e+00	6.56878679e-01	7.05330491e-01
4308            	-2.42149836e-02	4.18132368e-02	1.36235847e+00	6.56964252e-01	7.05394219e-01
4309            	-2.42041320e-02	4.17916403e-02	1.36250693e+00	6.57049332e-01	7.05457596e-01
4310            	-2.41934428e-02	4.17702005e-02	1.36265406e+00	6.57133586e-01	7.05520472e-01
4311            	-2.41830012e-02	4.17488593e-02	1.36279954e+00	6.57216768e-01	7.05582771e-01
4312            	-2.41728783e-02	4.17275588e-02	1.36294323e+00	6.57298735e-01	7.05644492e-01
4313            	-2.41631236e-02	4.17062575e-02	1.36308513e+00	6.57379443e-01	7.05705690e-01
4314            	-2.41537619e-02	4.16849412e-02	1.36322538e+00	6.57458927e-01	7.05766451e-01
4315            	-2.41447950e-02	4.16636217e-02	1.36336414e+00	6.57537276e-01	7.05826866e-01
4316            	-2.41362054e-02	4.16423311e-02	1.36350162e+00	6.57614606e-01	7.05887017e-01
4317            	-2.41279648e-02	4.16211111e-02	1.36363799e+00	6.57691032e-01	7.05946962e-01
4318            	-2.41200445e-02	4.15999978e-02	1.36377337e+00	6.57766641e-01	7.06006730e-01
4319            	-2.41124200e-02	4.15790182e-02	1.36390781e+00	6.57841484e-01	7.06066325e-01
4320            	-2.41050751e-02	4.15581882e-02	1.36404131e+00	6.57915579e-01	7.06125729e-01
4321            	-2.40980049e-02	4.15375085e-02	1.36417381e+00	6.57988902e-01	7.06184912e-01
4322            	-2.40912131e-02	4.15169696e-02	1.36430526e+00	6.58061415e-01	7.06243841e-01
4323            	-2.40847118e-02	4.14965532e-02	1.36443554e+00	6.58133061e-01	7.06302484e-01
4324            	-2.40793591e-02	4.14768906e-02	1.36455726e+00	6.58199269e-01	7.06357988e-01
4325            	-2.40741548e-02	4.14568358e-02	1.36468037e+00	6.58266029e-01	7.06414338e-01
4326            	-2.40690432e-02	4.14365150e-02	1.36480518e+00	6.58333547e-01	7.06471633e-01
4327            	-2.40639847e-02	4.14161321e-02	1.36493147e+00	6.58401750e-01	7.06529719e-01
4328            	-2.40589701e-02	4.13958930e-02	1.36505856e+00	6.58470312e-01	7.06588252e-01
4329            	-2.40551397e-02	4.13765836e-02	1.36517432e+00	6.58532018e-01	7.06642298e-01
4330            	-2.40501579e-02	4.13562383e-02	1.36530445e+00	6.58602069e-01	7.06702385e-01
4331            	-2.40464318e-02	4.13369884e-02	1.36542184e+00	6.58664490e-01	7.06757354e-01
4332            	-2.40427732e-02	4.13175471e-02	1.36554054e+00	6.58727497e-01	7.06813044e-01
4333            	-2.40392209e-02	4.12979669e-02	1.36566015e+00	6.58790855e-01	7.06869297e-01
4334            	-2.40358180e-02	4.12783785e-02	1.36577989e+00	6.58854128e-01	7.06925764e-01
4335            	-2.40326253e-02	4.12588832e-02	1.36589886e+00	6.58916805e-01	7.06982056e-01
4336            	-2.40297078e-02	4.12395478e-02	1.36601620e+00	6.58978394e-01	7.07037809e-01
4337            	-2.40271287e-02	4.12203781e-02	1.36613130e+00	6.59038521e-01	7.07092779e-01
4338            	-2.40249566e-02	4.12013296e-02	1.36624383e+00	6.59096956e-01	7.07146869e-01
4339            	-2.40232229e-02	4.11823347e-02	1.36635375e+00	6.59153653e-01	7.07200099e-01
4340            	-2.40219614e-02	4.11633082e-02	1.36646122e+00	6.59208649e-01	7.07252572e-01
4341            	-2.40211846e-02	4.11441840e-02	1.36656650e+00	6.59262067e-01	7.07304436e-01
4342            	-2.40208816e-02	4.11249281e-02	1.36666992e+00	6.59314081e-01	7.07355844e-01
4343            	-2.40210236e-02	4.11055365e-02	1.36677178e+00	6.59364869e-01	7.07406916e-01
4344            	-2.40215881e-02	4.10860236e-02	1.36687229e+00	6.59414558e-01	7.07457734e-01
4345            	-2.40225160e-02	4.10664221e-02	1.36697159e+00	6.59463281e-01	7.07508313e-01
4346            	-2.40237812e-02	4.10467408e-02	1.36706968e+00	6.59511060e-01	7.07558623e-01
4347            	-2.40253700e-02	4.10269774e-02	1.36716648e+00	6.59557868e-01	7.07608608e-01
4348            	-2.40275184e-02	4.10081441e-02	1.36725373e+00	6.59599347e-01	7.07654384e-01
4349            	-2.40298430e-02	4.09874208e-02	1.36735030e+00	6.59645307e-01	7.07704993e-01
4350            	-2.40326779e-02	4.09677547e-02	1.36743753e+00	6.59686088e-01	7.07751443e-01
4351            	-2.40357832e-02	4.09462908e-02	1.36753353e+00	6.59730984e-01	7.07802551e-01
4352            	-2.40392980e-02	4.09261712e-02	1.36761941e+00	6.59770409e-01	7.07849005e-01
4353            	-2.40432431e-02	4.09055566e-02	1.36770483e+00	6.59809170e-01	7.07895656e-01
4354            	-2.40476895e-02	4.08844188e-02	1.36778960e+00	6.59847112e-01	7.07942491e-01
4355            	-2.40526444e-02	4.08628169e-02	1.36787343e+00	6.59884069e-01	7.07989358e-01
4356            	-2.40581411e-02	4.08408142e-02	1.36795577e+00	6.59919744e-01	7.08036027e-01
4357            	-2.40642064e-02	4.08184721e-02	1.36803607e+00	6.59953829e-01	7.08082241e-01
4358            	-2.40708833e-02	4.07958203e-02	1.36811379e+00	6.59986014e-01	7.08127780e-01
4359            	-2.40781616e-02	4.07728766e-02	1.36818861e+00	6.60016143e-01	7.08172466e-01
4360            	-2.40860692e-02	4.07496044e-02	1.36826028e+00	6.60044073e-01	7.08216212e-01
4361            	-2.40946307e-02	4.07259516e-02	1.36832876e+00	6.60069749e-01	7.08259010e-01
4362            	-2.41029598e-02	4.07038611e-02	1.36838695e+00	6.60090518e-01	7.08296437e-01
4363            	-2.41132752e-02	4.06781051e-02	1.36845262e+00	6.60113033e-01	7.08339584e-01
4364            	-2.41242764e-02	4.06519899e-02	1.36851589e+00	6.60133670e-01	7.08382223e-01
4365            	-2.41345953e-02	4.06280357e-02	1.36857010e+00	6.60150453e-01	7.08419643e-01
4366            	-2.41457693e-02	4.06029182e-02	1.36862444e+00	6.60166450e-01	7.08457988e-01
4367            	-2.41592999e-02	4.05742260e-02	1.36868472e+00	6.60183061e-01	7.08501661e-01
4368            	-2.41715934e-02	4.05484815e-02	1.36873636e+00	6.60196588e-01	7.08539774e-01
4369            	-2.41844966e-02	4.05221378e-02	1.36878716e+00	6.60209082e-01	7.08578075e-01
4370            	-2.41980134e-02	4.04952071e-02	1.36883707e+00	6.60220522e-01	7.08616549e-01
4371            	-2.42120472e-02	4.04678285e-02	1.36888590e+00	6.60230902e-01	7.08654996e-01
4372            	-2.42265184e-02	4.04401560e-02	1.36893325e+00	6.60240105e-01	7.08693142e-01
4373            	-2.42413600e-02	4.04123214e-02	1.36897874e+00	6.60248008e-01	7.08730728e-01
4374            	-2.42564604e-02	4.03844354e-02	1.36902218e+00	6.60254632e-01	7.08767553e-01
4375            	-2.42717678e-02	4.03565298e-02	1.36906350e+00	6.60259984e-01	7.08803520e-01
4376            	-2.42872689e-02	4.03285806e-02	1.36910276e+00	6.60264110e-01	7.08838648e-01
4377            	-2.43029174e-02	4.03005608e-02	1.36914019e+00	6.60267177e-01	7.08873012e-01
4378            	-2.43187317e-02	4.02724106e-02	1.36917603e+00	6.60269281e-01	7.08906744e-01
4379            	-2.43346818e-02	4.02441074e-02	1.36921056e+00	6.60270600e-01	7.08939964e-01
4380            	-2.43507725e-02	4.02156276e-02	1.36924402e+00	6.60271237e-01	7.08972782e-01
4381            	-2.43670049e-02	4.01869754e-02	1.36927657e+00	6.60271279e-01	7.09005288e-01
4382            	-2.43833203e-02	4.01582038e-02	1.36930837e+00	6.60270865e-01	7.09037506e-01
4383            	-2.43996970e-02	4.01293593e-02	1.36933949e+00	6.60270049e-01	7.09069443e-01
4384            	-2.44135124e-02	4.01041344e-02	1.36936719e+00	6.60270084e-01	7.09097108e-01
4385            	-2.44303072e-02	4.00742008e-02	1.36939875e+00	6.60269068e-01	7.09129682e-01
4386            	-2.44472258e-02	4.00441939e-02	1.36943009e+00	6.60267818e-01	7.09162270e-01
4387            	-2.44640933e-02	4.00144444e-02	1.36946072e+00	6.60266267e-01	7.09194453e-01
4388            	-2.44807457e-02	3.99852115e-02	1.36949024e+00	6.60264375e-01	7.09225866e-01
4389            	-2.44944305e-02	3.99602642e-02	1.36951595e+00	6.60263542e-01	7.09252403e-01
4390            	-2.45106431e-02	3.99313275e-02	1.36954441e+00	6.60261561e-01	7.09282847e-01
4391            	-2.45264873e-02	3.99028956e-02	1.36957220e+00	6.60259612e-01	7.09312586e-01
4392            	-2.45393823e-02	3.98786394e-02	1.36959679e+00	6.60259015e-01	7.09337780e-01
4393            	-2.45545792e-02	3.98505107e-02	1.36962450e+00	6.60257671e-01	7.09366829e-01
4394            	-2.45669662e-02	3.98264447e-02	1.36964942e+00	6.60257743e-01	7.09391676e-01
4395            	-2.45815928e-02	3.97984940e-02	1.36967786e+00	6.60257340e-01	7.09420525e-01
4396            	-2.45957499e-02	3.97712088e-02	1.36970610e+00	6.60257303e-01	7.09448802e-01
4397            	-2.46071297e-02	3.97481526e-02	1.36973103e+00	6.60258386e-01	7.09472646e-01
4398            	-2.46182254e-02	3.97250933e-02	1.36975637e+00	6.60259961e-01	7.09496412e-01
4399            	-2.46312154e-02	3.96984090e-02	1.36978560e+00	6.60261583e-01	7.09524014e-01
4400            	-2.46416824e-02	3.96757901e-02	1.36981150e+00	6.60264067e-01	7.09547432e-01
4401            	-2.46538109e-02	3.96498374e-02	1.36984122e+00	6.60266797e-01	7.09574419e-01
4402            	-2.46634868e-02	3.96280201e-02	1.36986716e+00	6.60270092e-01	7.09597066e-01
4403            	-2.46727986e-02	3.96063685e-02	1.36989343e+00	6.60273917e-01	7.09619514e-01
4404            	-2.46834767e-02	3.95815933e-02	1.36992380e+00	6.60278421e-01	7.09645374e-01
4405            	-2.46919079e-02	3.95608966e-02	1.36995012e+00	6.60283151e-01	7.09666967e-01
4406            	-2.46999461e-02	3.95404580e-02	1.36997668e+00	6.60288395e-01	7.09688288e-01
4407            	-2.47076328e-02	3.95201886e-02	1.37000380e+00	6.60294269e-01	7.09709535e-01
4408            	-2.47163277e-02	3.94970928e-02	1.37003561e+00	6.60301477e-01	7.09734132e-01
4409            	-2.47231220e-02	3.94780024e-02	1.37006282e+00	6.60308289e-01	7.09754533e-01
4410            	-2.47295086e-02	3.94593380e-02	1.37009009e+00	6.60315536e-01	7.09774554e-01
4411            	-2.47355069e-02	3.94410340e-02	1.37011766e+00	6.60323322e-01	7.09794335e-01
4412            	-2.47411840e-02	3.94230022e-02	1.37014560e+00	6.60331616e-01	7.09813984e-01
4413            	-2.47465409e-02	3.94052466e-02	1.37017406e+00	6.60340491e-01	7.09833573e-01
4414            	-2.47516163e-02	3.93877722e-02	1.37020293e+00	6.60349849e-01	7.09853082e-01
4415            	-2.47563738e-02	3.93706665e-02	1.37023215e+00	6.60359701e-01	7.09872449e-01
4416            	-2.47608310e-02	3.93539736e-02	1.37026145e+00	6.60369894e-01	7.09891556e-01
4417            	-2.47649345e-02	3.93377923e-02	1.37029071e+00	6.60380420e-01	7.09910289e-01
4418            	-2.47687002e-02	3.93221506e-02	1.37031965e+00	6.60391126e-01	7.09928526e-01
4419            	-2.47720817e-02	3.93071115e-02	1.37034822e+00	6.60402029e-01	7.09946192e-01
4420            	-2.47751210e-02	3.92926467e-02	1.37037624e+00	6.60412998e-01	7.09963240e-01
4421            	-2.47777949e-02	3.92787684e-02	1.37040377e+00	6.60424089e-01	7.09979679e-01
4422            	-2.47801731e-02	3.92654017e-02	1.37043074e+00	6.60435197e-01	7.09995543e-01
4423            	-2.47822512e-02	3.92525307e-02	1.37045731e+00	6.60446403e-01	7.10010905e-01
4424            	-2.47841160e-02	3.92400618e-02	1.37048344e+00	6.60457605e-01	7.10025837e-01
4425            	-2.47857727e-02	3.92279715e-02	1.37050930e+00	6.60468879e-01	7.10040424e-01
4426            	-2.47873165e-02	3.92161671e-02	1.37053482e+00	6.60480094e-01	7.10054727e-01
4427            	-2.47887486e-02	3.92046279e-02	1.37056012e+00	6.60491312e-01	7.10068809e-01
4428            	-2.47901438e-02	3.91933141e-02	1.37058503e+00	6.60502370e-01	7.10082658e-01
4429            	-2.47914794e-02	3.91822538e-02	1.37060957e+00	6.60513307e-01	7.10096266e-01
4430            	-2.47928197e-02	3.91714022e-02	1.37063356e+00	6.60523963e-01	7.10109602e-01
4431            	-2.47941232e-02	3.91608026e-02	1.37065703e+00	6.60534392e-01	7.10122639e-01
4432            	-2.47954414e-02	3.91504220e-02	1.37067978e+00	6.60544447e-01	7.10135330e-01
4433            	-2.47967203e-02	3.91403124e-02	1.37070185e+00	6.60554205e-01	7.10147646e-01
4434            	-2.47980041e-02	3.91304430e-02	1.37072310e+00	6.60563546e-01	7.10159555e-01
4435            	-2.47992355e-02	3.91208654e-02	1.37074362e+00	6.60572574e-01	7.10171045e-01
4436            	-2.48004597e-02	3.91115435e-02	1.37076330e+00	6.60581190e-01	7.10182109e-01
4437            	-2.48016213e-02	3.91025304e-02	1.37078226e+00	6.60589507e-01	7.10192750e-01
4438            	-2.48027745e-02	3.90937868e-02	1.37080038e+00	6.60597418e-01	7.10202967e-01
4439            	-2.48038777e-02	3.90853505e-02	1.37081780e+00	6.60605024e-01	7.10212779e-01
4440            	-2.48049966e-02	3.90771675e-02	1.37083441e+00	6.60612209e-01	7.10222203e-01
4441            	-2.48060962e-02	3.90692663e-02	1.37085034e+00	6.60619072e-01	7.10231264e-01
4442            	-2.48072477e-02	3.90615805e-02	1.37086547e+00	6.60625486e-01	7.10239982e-01
4443            	-2.48084178e-02	3.90541288e-02	1.37087992e+00	6.60631541e-01	7.10248377e-01
4444            	-2.48096752e-02	3.90473569e-02	1.37089229e+00	6.60636470e-01	7.10255821e-01
4445            	-2.48110467e-02	3.90404695e-02	1.37090477e+00	6.60641336e-01	7.10263430e-01
4446            	-2.48125937e-02	3.90334047e-02	1.37091713e+00	6.60645971e-01	7.10271158e-01
4447            	-2.48142455e-02	3.90262861e-02	1.37092910e+00	6.60650305e-01	7.10278796e-01
4448            	-2.48160073e-02	3.90192048e-02	1.37094010e+00	6.60654043e-01	7.10286057e-01
4449            	-2.48177812e-02	3.90123243e-02	1.37094990e+00	6.60657168e-01	7.10292730e-01
4450            	-2.48195824e-02	3.90056684e-02	1.37095829e+00	6.60659561e-01	7.10298726e-01
4451            	-2.48213500e-02	3.89992857e-02	1.37096547e+00	6.60661385e-01	7.10304085e-01
4452            	-2.48231348e-02	3.89931056e-02	1.37097156e+00	6.60662643e-01	7.10308913e-01
4453            	-2.48249062e-02	3.89871228e-02	1.37097686e+00	6.60663522e-01	7.10313335e-01
4454            	-2.48266718e-02	3.89813101e-02	1.37098155e+00	6.60664104e-01	7.10317447e-01
4455            	-2.48284984e-02	3.89755955e-02	1.37098562e+00	6.60664314e-01	7.10321311e-01
4456            	-2.48303600e-02	3.89699977e-02	1.37098918e+00	6.60664231e-01	7.10324951e-01
4457            	-2.48323087e-02	3.89644716e-02	1.37099209e+00	6.60663738e-01	7.10328356e-01
4458            	-2.48343093e-02	3.89590507e-02	1.37099437e+00	6.60662877e-01	7.10331496e-01
4459            	-2.48364023e-02	3.89537013e-02	1.37099585e+00	6.60661523e-01	7.10334328e-01
4460            	-2.48385461e-02	3.89484620e-02	1.37099653e+00	6.60659721e-01	7.10336813e-01
4461            	-2.48407244e-02	3.89433492e-02	1.37099638e+00	6.60657466e-01	7.10338915e-01
4462            	-2.48429754e-02	3.89383263e-02	1.37099527e+00	6.60654659e-01	7.10340610e-01
4463            	-2.48452582e-02	3.89334269e-02	1.37099326e+00	6.60651370e-01	7.10341887e-01
4464            	-2.48476029e-02	3.89286205e-02	1.37099027e+00	6.60647534e-01	7.10342740e-01
4465            	-2.48499714e-02	3.89239348e-02	1.37098638e+00	6.60643221e-01	7.10343163e-01
4466            	-2.48523930e-02	3.89193400e-02	1.37098153e+00	6.60638370e-01	7.10343156e-01
4467            	-2.48548309e-02	3.89148661e-02	1.37097578e+00	6.60633057e-01	7.10342718e-01
4468            	-2.48572697e-02	3.89105279e-02	1.37096917e+00	6.60627314e-01	7.10341854e-01
4469            	-2.48597421e-02	3.89062980e-02	1.37096167e+00	6.60621092e-01	7.10340576e-01
4470            	-2.48622108e-02	3.89022135e-02	1.37095340e+00	6.60614490e-01	7.10338912e-01
4471            	-2.48647035e-02	3.88982501e-02	1.37094437e+00	6.60607479e-01	7.10336886e-01
4472            	-2.48671786e-02	3.88944460e-02	1.37093471e+00	6.60600174e-01	7.10334531e-01
4473            	-2.48696188e-02	3.88908122e-02	1.37092448e+00	6.60592620e-01	7.10331858e-01
4474            	-2.48720531e-02	3.88873158e-02	1.37091366e+00	6.60584777e-01	7.10328884e-01
4475            	-2.48744295e-02	3.88840036e-02	1.37090244e+00	6.60576789e-01	7.10325648e-01
4476            	-2.48767638e-02	3.88808586e-02	1.37089082e+00	6.60568644e-01	7.10322172e-01
4477            	-2.48789979e-02	3.88779335e-02	1.37087900e+00	6.60560504e-01	7.10318500e-01
4478            	-2.48811006e-02	3.88752567e-02	1.37086711e+00	6.60552456e-01	7.10314657e-01
4479            	-2.48831161e-02	3.88727840e-02	1.37085501e+00	6.60544390e-01	7.10310622e-01
4480            	-2.48850141e-02	3.88705451e-02	1.37084275e+00	6.60536363e-01	7.10306391e-01
4481            	-2.48868351e-02	3.88685065e-02	1.37083023e+00	6.60528280e-01	7.10301950e-01
4482            	-2.48885533e-02	3.88666993e-02	1.37081748e+00	6.60520187e-01	7.10297293e-01
4483            	-2.48901720e-02	3.88651301e-02	1.37080444e+00	6.60512047e-01	7.10292391e-01
4484            	-2.48917489e-02	3.88637534e-02	1.37079093e+00	6.60503717e-01	7.10287215e-01
4485            	-2.48932773e-02	3.88625843e-02	1.37077690e+00	6.60495172e-01	7.10281726e-01
4486            	-2.48948095e-02	3.88615830e-02	1.37076217e+00	6.60486273e-01	7.10275892e-01
4487            	-2.48963254e-02	3.88607773e-02	1.37074676e+00	6.60477057e-01	7.10269708e-01
4488            	-2.48978179e-02	3.88601840e-02	1.37073072e+00	6.60467543e-01	7.10263179e-01
4489            	-2.48993249e-02	3.88597722e-02	1.37071406e+00	6.60457703e-01	7.10256353e-01
4490            	-2.49008212e-02	3.88595789e-02	1.37069679e+00	6.60447576e-01	7.10249218e-01
4491            	-2.49023240e-02	3.88595894e-02	1.37067905e+00	6.60437202e-01	7.10241850e-01
4492            	-2.49037893e-02	3.88598456e-02	1.37066103e+00	6.60426726e-01	7.10234304e-01
4493            	-2.49051961e-02	3.88603670e-02	1.37064282e+00	6.60416213e-01	7.10226605e-01
4494            	-2.49065758e-02	3.88611203e-02	1.37062437e+00	6.60405611e-01	7.10218762e-01
4495            	-2.49078958e-02	3.88621275e-02	1.37060579e+00	6.60395001e-01	7.10210793e-01
4496            	-2.49091408e-02	3.88633933e-02	1.37058713e+00	6.60384423e-01	7.10202705e-01
4497            	-2.49103474e-02	3.88648716e-02	1.37056830e+00	6.60373805e-01	7.10194499e-01
4498            	-2.49114943e-02	3.88665706e-02	1.37054933e+00	6.60363173e-01	7.10186162e-01
4499            	-2.49126149e-02	3.88684500e-02	1.37053012e+00	6.60352447e-01	7.10177676e-01
4500            	-2.49136871e-02	3.88705217e-02	1.37051069e+00	6.60341656e-01	7.10169030e-01
4501            	-2.49147074e-02	3.88727844e-02	1.37049099e+00	6.60330790e-01	7.10160205e-01
4502            	-2.49157209e-02	3.88751955e-02	1.37047091e+00	6.60319735e-01	7.10151177e-01
4503            	-2.49167129e-02	3.88777684e-02	1.37045047e+00	6.60308520e-01	7.10141945e-01
4504            	-2.49177227e-02	3.88804699e-02	1.37042957e+00	6.60297060e-01	7.10132505e-01
4505            	-2.49187311e-02	3.88833227e-02	1.37040827e+00	6.60285406e-01	7.10122868e-01
4506            	-2.49197333e-02	3.88863408e-02	1.37038663e+00	6.60273582e-01	7.10113049e-01
4507            	-2.49207686e-02	3.88894971e-02	1.37036460e+00	6.60261530e-01	7.10103067e-01
4508            	-2.49218153e-02	3.88928228e-02	1.37034227e+00	6.60249318e-01	7.10092949e-01
4509            	-2.49228641e-02	3.88963384e-02	1.37031971e+00	6.60236990e-01	7.10082718e-01
4510            	-2.49240301e-02	3.89006592e-02	1.37029343e+00	6.60222683e-01	7.10070744e-01
4511            	-2.49251267e-02	3.89047277e-02	1.37026968e+00	6.60209715e-01	7.10059968e-01
4512            	-2.49261917e-02	3.89086711e-02	1.37024780e+00	6.60197708e-01	7.10050091e-01
4513            	-2.49272221e-02	3.89126767e-02	1.37022696e+00	6.60186258e-01	7.10040703e-01
4514            	-2.49282295e-02	3.89168760e-02	1.37020643e+00	6.60174983e-01	7.10031442e-01
4515            	-2.49292630e-02	3.89213068e-02	1.37018554e+00	6.60163505e-01	7.10022031e-01
4516            	-2.49303113e-02	3.89260116e-02	1.37016393e+00	6.60151656e-01	7.10012279e-01
4517            	-2.49313784e-02	3.89309727e-02	1.37014141e+00	6.60139324e-01	7.10002081e-01
4518            	-2.49325172e-02	3.89360871e-02	1.37011781e+00	6.60126387e-01	7.09991422e-01
4519            	-2.49337205e-02	3.89412858e-02	1.37009330e+00	6.60112932e-01	7.09980373e-01
4520            	-2.49349957e-02	3.89464862e-02	1.37006811e+00	6.60099058e-01	7.09969049e-01
4521            	-2.49363982e-02	3.89515804e-02	1.37004234e+00	6.60084774e-01	7.09957570e-01
4522            	-2.49379094e-02	3.89565569e-02	1.37001627e+00	6.60070226e-01	7.09946045e-01
4523            	-2.49395198e-02	3.89614307e-02	1.36999002e+00	6.60055492e-01	7.09934532e-01
4524            	-2.49412661e-02	3.89661970e-02	1.36996355e+00	6.60040508e-01	7.09923040e-01
4525            	-2.49431097e-02	3.89709314e-02	1.36993689e+00	6.60025337e-01	7.09911556e-01
4526            	-2.49450224e-02	3.89756991e-02	1.36991007e+00	6.60010010e-01	7.09900055e-01
4527            	-2.49470307e-02	3.89805091e-02	1.36988293e+00	6.59994434e-01	7.09888496e-01
4528            	-2.49490899e-02	3.89854190e-02	1.36985554e+00	6.59978682e-01	7.09876862e-01
4529            	-2.49511740e-02	3.89904561e-02	1.36982794e+00	6.59962798e-01	7.09865146e-01
4530            	-2.49533173e-02	3.89955807e-02	1.36980006e+00	6.59946712e-01	7.09853346e-01
4531            	-2.49554859e-02	3.90008043e-02	1.36977199e+00	6.59930510e-01	7.09841481e-01
4532            	-2.49576694e-02	3.90061164e-02	1.36974379e+00	6.59914223e-01	7.09829562e-01
4533            	-2.49599230e-02	3.90114507e-02	1.36971531e+00	6.59897734e-01	7.09817580e-01
4534            	-2.49622281e-02	3.90168036e-02	1.36968664e+00	6.59881090e-01	7.09805546e-01
4535            	-2.49645826e-02	3.90221598e-02	1.36965776e+00	6.59864296e-01	7.09793461e-01
4536            	-2.49670455e-02	3.90274555e-02	1.36962853e+00	6.59847221e-01	7.09781312e-01
4537            	-2.49695962e-02	3.90327014e-02	1.36959899e+00	6.59829899e-01	7.09769091e-01
4538            	-2.49722270e-02	3.90379004e-02	1.36956912e+00	6.59812333e-01	7.09756788e-01
4539            	-2.49749880e-02	3.90430018e-02	1.36953881e+00	6.59794417e-01	7.09744393e-01
4540            	-2.49778435e-02	3.90480344e-02	1.36950813e+00	6.59776223e-01	7.09731910e-01
4541            	-2.49807768e-02	3.90530263e-02	1.36947707e+00	6.59757760e-01	7.09719314e-01
4542            	-2.49838214e-02	3.90579210e-02	1.36944566e+00	6.59739006e-01	7.09706649e-01
4543            	-2.49869328e-02	3.90627591e-02	1.36941398e+00	6.59720060e-01	7.09693925e-01
4544            	-2.49900847e-02	3.90675658e-02	1.36938212e+00	6.59700976e-01	7.09681145e-01
4545            	-2.49933219e-02	3.90722977e-02	1.36934998e+00	6.59681670e-01	7.09668313e-01
4546            	-2.49966038e-02	3.90769800e-02	1.36931769e+00	6.59662241e-01	7.09655448e-01
4547            	-2.49999157e-02	3.90815966e-02	1.36928530e+00	6.59642732e-01	7.09642563e-01
4548            	-2.50032634e-02	3.90860603e-02	1.36925304e+00	6.59623258e-01	7.09629785e-01
4549            	-2.50065386e-02	3.90904522e-02	1.36922137e+00	6.59604145e-01	7.09617222e-01
4550            	-2.50097598e-02	3.90948851e-02	1.36918979e+00	6.59585133e-01	7.09604653e-01
4551            	-2.50130170e-02	3.90993650e-02	1.36915777e+00	6.59565870e-01	7.09591904e-01
4552            	-2.50163410e-02	3.91039248e-02	1.36912495e+00	6.59546132e-01	7.09578814e-01
4553            	-2.50197591e-02	3.91085396e-02	1.36909117e+00	6.59525824e-01	7.09565343e-01
4554            	-2.50233442e-02	3.91131084e-02	1.36905639e+00	6.59504853e-01	7.09551541e-01
4555            	-2.50275903e-02	3.91180524e-02	1.36901700e+00	6.59480909e-01	7.09536090e-01
4556            	-2.50318911e-02	3.91226659e-02	1.36897810e+00	6.59457161e-01	7.09520943e-01
4557            	-2.50357078e-02	3.91265606e-02	1.36894387e+00	6.59436229e-01	7.09507645e-01
4558            	-2.50399933e-02	3.91307786e-02	1.36890677e+00	6.59413390e-01	7.09493377e-01
4559            	-2.50441350e-02	3.91348826e-02	1.36887096e+00	6.59391347e-01	7.09479617e-01
4560            	-2.50481558e-02	3.91388994e-02	1.36883621e+00	6.59369948e-01	7.09466259e-01
4561            	-2.50520440e-02	3.91429248e-02	1.36880208e+00	6.59348998e-01	7.09453086e-01
4562            	-2.50558143e-02	3.91470000e-02	1.36876818e+00	6.59328277e-01	7.09439905e-01
4563            	-2.50595610e-02	3.91510784e-02	1.36873399e+00	6.59307432e-01	7.09426554e-01
4564            	-2.50637750e-02	3.91553378e-02	1.36869600e+00	6.59284225e-01	7.09411775e-01
4565            	-2.50678154e-02	3.91593572e-02	1.36865909e+00	6.59261731e-01	7.09397362e-01
4566            	-2.50718069e-02	3.91631238e-02	1.36862277e+00	6.59239577e-01	7.09383190e-01
4567            	-2.50757917e-02	3.91667330e-02	1.36858658e+00	6.59217496e-01	7.09369080e-01
4568            	-2.50798175e-02	3.91702631e-02	1.36855007e+00	6.59195217e-01	7.09354852e-01
4569            	-2.50839697e-02	3.91737190e-02	1.36851284e+00	6.59172452e-01	7.09340392e-01
4570            	-2.50882374e-02	3.91771473e-02	1.36847485e+00	6.59149186e-01	7.09325661e-01
4571            	-2.50926007e-02	3.91805629e-02	1.36843619e+00	6.59125493e-01	7.09310695e-01
4572            	-2.50970810e-02	3.91839224e-02	1.36839699e+00	6.59101416e-01	7.09295578e-01
4573            	-2.51016101e-02	3.91872498e-02	1.36835762e+00	6.59077202e-01	7.09280422e-01
4574            	-2.51061317e-02	3.91905627e-02	1.36831837e+00	6.59053056e-01	7.09265319e-01
4575            	-2.51106502e-02	3.91938352e-02	1.36827936e+00	6.59029032e-01	7.09250332e-01
4576            	-2.51151057e-02	3.91971095e-02	1.36824075e+00	6.59005269e-01	7.09235481e-01
4577            	-2.51188944e-02	3.92003135e-02	1.36820648e+00	6.58984344e-01	7.09222133e-01
4578            	-2.51228851e-02	3.92037014e-02	1.36817016e+00	6.58962193e-01	7.09207963e-01
4579            	-2.51270718e-02	3.92072189e-02	1.36813177e+00	6.58938814e-01	7.09192957e-01
4580            	-2.51314017e-02	3.92107417e-02	1.36809194e+00	6.58914570e-01	7.09177373e-01
4581            	-2.51351450e-02	3.92139117e-02	1.36805647e+00	6.58893091e-01	7.09163381e-01
4582            	-2.51396467e-02	3.92172747e-02	1.36801541e+00	6.58868056e-01	7.09147350e-01
4583            	-2.51441893e-02	3.92204545e-02	1.36797427e+00	6.58842945e-01	7.09131324e-01
4584            	-2.51487920e-02	3.92234050e-02	1.36793328e+00	6.58817849e-01	7.09115433e-01
4585            	-2.51533894e-02	3.92261840e-02	1.36789274e+00	6.58792983e-01	7.09099761e-01
4586            	-2.51571801e-02	3.92287543e-02	1.36785806e+00	6.58771848e-01	7.09086208e-01
4587            	-2.51617202e-02	3.92315159e-02	1.36781784e+00	6.58747198e-01	7.09070638e-01
4588            	-2.51662654e-02	3.92342764e-02	1.36777728e+00	6.58722374e-01	7.09054905e-01
4589            	-2.51707913e-02	3.92370367e-02	1.36773648e+00	6.58697448e-01	7.09039031e-01
4590            	-2.51744852e-02	3.92396887e-02	1.36770126e+00	6.58676146e-01	7.09025116e-01
4591            	-2.51789335e-02	3.92425548e-02	1.36766005e+00	6.58651092e-01	7.09008959e-01
4592            	-2.51825757e-02	3.92452823e-02	1.36762443e+00	6.58629639e-01	7.08994790e-01
4593            	-2.51875509e-02	3.92482492e-02	1.36757855e+00	6.58601722e-01	7.08976824e-01
4594            	-2.51917165e-02	3.92509372e-02	1.36753890e+00	6.58577731e-01	7.08961164e-01
4595            	-2.51958863e-02	3.92535976e-02	1.36749912e+00	6.58553672e-01	7.08945445e-01
4596            	-2.51992964e-02	3.92561739e-02	1.36746485e+00	6.58533131e-01	7.08931724e-01
4597            	-2.52027329e-02	3.92588592e-02	1.36743001e+00	6.58512273e-01	7.08917739e-01
4598            	-2.52075363e-02	3.92618047e-02	1.36738437e+00	6.58484650e-01	7.08899723e-01
4599            	-2.52121227e-02	3.92645085e-02	1.36734062e+00	6.58458188e-01	7.08882433e-01
4600            	-2.52159279e-02	3.92670057e-02	1.36730294e+00	6.58435542e-01	7.08867398e-01
4601            	-2.52190626e-02	3.92694344e-02	1.36727040e+00	6.58416138e-01	7.08854263e-01
4602            	-2.52222446e-02	3.92720511e-02	1.36723671e+00	6.58396109e-01	7.08840598e-01
4603            	-2.52267860e-02	3.92749905e-02	1.36719151e+00	6.58368970e-01	7.08822542e-01
4604            	-2.52311688e-02	3.92777136e-02	1.36714760e+00	6.58342632e-01	7.08804969e-01
4605            	-2.52341721e-02	3.92801039e-02	1.36711508e+00	6.58323368e-01	7.08791712e-01
4606            	-2.52384651e-02	3.92827272e-02	1.36707176e+00	6.58297416e-01	7.08774346e-01
4607            	-2.52421082e-02	3.92852162e-02	1.36703354e+00	6.58274661e-01	7.08758877e-01
4608            	-2.52451444e-02	3.92876733e-02	1.36700008e+00	6.58254895e-01	7.08745184e-01
4609            	-2.52482390e-02	3.92903031e-02	1.36696542e+00	6.58234469e-01	7.08730947e-01
4610            	-2.52526245e-02	3.92931813e-02	1.36691969e+00	6.58207223e-01	7.08712472e-01
4611            	-2.52568143e-02	3.92958049e-02	1.36687588e+00	6.58181126e-01	7.08694755e-01
4612            	-2.52596486e-02	3.92981183e-02	1.36684380e+00	6.58162250e-01	7.08681547e-01
4613            	-2.52631881e-02	3.93006520e-02	1.36680524e+00	6.58139430e-01	7.08665806e-01
4614            	-2.52660897e-02	3.93031897e-02	1.36677149e+00	6.58119657e-01	7.08651836e-01
4615            	-2.52690137e-02	3.93058897e-02	1.36673671e+00	6.58099340e-01	7.08637368e-01
4616            	-2.52732033e-02	3.93087796e-02	1.36669092e+00	6.58072259e-01	7.08618666e-01
4617            	-2.52772100e-02	3.93113626e-02	1.36664719e+00	6.58046387e-01	7.08600807e-01
4618            	-2.52798699e-02	3.93136470e-02	1.36661540e+00	6.58027830e-01	7.08587569e-01
4619            	-2.52836076e-02	3.93161537e-02	1.36657377e+00	6.58003277e-01	7.08570492e-01
4620            	-2.52867624e-02	3.93185424e-02	1.36653727e+00	6.57981874e-01	7.08555399e-01
4621            	-2.52893138e-02	3.93209869e-02	1.36650553e+00	6.57963450e-01	7.08542078e-01
4622            	-2.52918661e-02	3.93236645e-02	1.36647267e+00	6.57944471e-01	7.08528203e-01
4623            	-2.52954783e-02	3.93266849e-02	1.36642925e+00	6.57919147e-01	7.08510104e-01
4624            	-2.52989652e-02	3.93294395e-02	1.36638739e+00	6.57894727e-01	7.08492658e-01
4625            	-2.53012823e-02	3.93318623e-02	1.36635661e+00	6.57877024e-01	7.08479589e-01
4626            	-2.53045911e-02	3.93345444e-02	1.36631604e+00	6.57853430e-01	7.08462612e-01
4627            	-2.53073754e-02	3.93370811e-02	1.36628026e+00	6.57832756e-01	7.08447507e-01
4628            	-2.53096816e-02	3.93395845e-02	1.36624888e+00	6.57814760e-01	7.08434123e-01
4629            	-2.53120378e-02	3.93422595e-02	1.36621628e+00	6.57796103e-01	7.08420179e-01
4630            	-2.53154367e-02	3.93452140e-02	1.36617316e+00	6.57771142e-01	7.08402016e-01
4631            	-2.53187023e-02	3.93479014e-02	1.36613172e+00	6.57747158e-01	7.08384563e-01
4632            	-2.53209036e-02	3.93502354e-02	1.36610129e+00	6.57729742e-01	7.08371549e-01
4633            	-2.53240678e-02	3.93527926e-02	1.36606127e+00	6.57706568e-01	7.08354703e-01
4634            	-2.53267246e-02	3.93552252e-02	1.36602609e+00	6.57686323e-01	7.08339772e-01
4635            	-2.53288616e-02	3.93576934e-02	1.36599543e+00	6.57668853e-01	7.08326576e-01
4636            	-2.53310465e-02	3.93603349e-02	1.36596362e+00	6.57650765e-01	7.08312858e-01
4637            	-2.53341757e-02	3.93632855e-02	1.36592167e+00	6.57626658e-01	7.08295009e-01
4638            	-2.53362549e-02	3.93658877e-02	1.36589026e+00	6.57608877e-01	7.08281387e-01
4639            	-2.53392257e-02	3.93687211e-02	1.36584921e+00	6.57585378e-01	7.08263830e-01
4640            	-2.53420966e-02	3.93712699e-02	1.36581000e+00	6.57562903e-01	7.08247096e-01
4641            	-2.53439746e-02	3.93735431e-02	1.36578147e+00	6.57546758e-01	7.08234707e-01
4642            	-2.53466908e-02	3.93761209e-02	1.36574351e+00	6.57525064e-01	7.08218445e-01
4643            	-2.53484701e-02	3.93785295e-02	1.36571519e+00	6.57509127e-01	7.08206067e-01
4644            	-2.53511246e-02	3.93813030e-02	1.36567680e+00	6.57487275e-01	7.08189525e-01
4645            	-2.53528918e-02	3.93838346e-02	1.36564778e+00	6.57470997e-01	7.08176780e-01
4646            	-2.53554870e-02	3.93867319e-02	1.36560868e+00	6.57448852e-01	7.08159826e-01
4647            	-2.53572065e-02	3.93893009e-02	1.36557926e+00	6.57432421e-01	7.08146834e-01
4648            	-2.53597945e-02	3.93921244e-02	1.36553992e+00	6.57410166e-01	7.08129755e-01
4649            	-2.53615257e-02	3.93945858e-02	1.36551059e+00	6.57393769e-01	7.08116820e-01
4650            	-2.53640773e-02	3.93972909e-02	1.36547170e+00	6.57371772e-01	7.08099927e-01
4651            	-2.53657638e-02	3.93996806e-02	1.36544290e+00	6.57355684e-01	7.08087212e-01
4652            	-2.53682994e-02	3.94022859e-02	1.36540459e+00	6.57333995e-01	7.08070593e-01
4653            	-2.53699806e-02	3.94046141e-02	1.36537623e+00	6.57318132e-01	7.08058094e-01
4654            	-2.53724414e-02	3.94072193e-02	1.36533850e+00	6.57296808e-01	7.08041691e-01
4655            	-2.53740462e-02	3.94095737e-02	1.36531054e+00	6.57281222e-01	7.08029315e-01
4656            	-2.53764420e-02	3.94121955e-02	1.36527316e+00	6.57260136e-01	7.08013020e-01
4657            	-2.53780099e-02	3.94145494e-02	1.36524540e+00	6.57244688e-01	7.08000708e-01
4658            	-2.53802956e-02	3.94172126e-02	1.36520836e+00	6.57223885e-01	7.07984477e-01
4659            	-2.53817717e-02	3.94195958e-02	1.36518087e+00	6.57208665e-01	7.07972209e-01
4660            	-2.53839882e-02	3.94222508e-02	1.36514410e+00	6.57188062e-01	7.07956039e-01
4661            	-2.53854351e-02	3.94246023e-02	1.36511681e+00	6.57172971e-01	7.07943841e-01
4662            	-2.53875661e-02	3.94272491e-02	1.36508042e+00	6.57152642e-01	7.07927774e-01
4663            	-2.53889459e-02	3.94295936e-02	1.36505345e+00	6.57137778e-01	7.07915670e-01
4664            	-2.53903405e-02	3.94320713e-02	1.36502556e+00	6.57122440e-01	7.07903121e-01
4665            	-2.53924966e-02	3.94348171e-02	1.36498792e+00	6.57101463e-01	7.07886456e-01
4666            	-2.53945941e-02	3.94372971e-02	1.36495178e+00	6.57081297e-01	7.07870485e-01
4667            	-2.53959552e-02	3.94394367e-02	1.36492560e+00	6.57066844e-01	7.07858755e-01
4668            	-2.53973250e-02	3.94416839e-02	1.36489891e+00	6.57052131e-01	7.07846781e-01
4669            	-2.53993693e-02	3.94442228e-02	1.36486307e+00	6.57032165e-01	7.07830904e-01
4670            	-2.54007392e-02	3.94464436e-02	1.36483643e+00	6.57017477e-01	7.07818955e-01
4671            	-2.54025440e-02	3.94488635e-02	1.36480370e+00	6.56999306e-01	7.07804394e-01
4672            	-2.54039884e-02	3.94511707e-02	1.36477533e+00	6.56983676e-01	7.07791653e-01
4673            	-2.54054233e-02	3.94535375e-02	1.36474659e+00	6.56967871e-01	7.07778718e-01
4674            	-2.54068388e-02	3.94559444e-02	1.36471765e+00	6.56951985e-01	7.07765663e-01
4675            	-2.54089332e-02	3.94584671e-02	1.36468030e+00	6.56931215e-01	7.07749082e-01
4676            	-2.54102810e-02	3.94605717e-02	1.36465345e+00	6.56916446e-01	7.07737008e-01
4677            	-2.54120108e-02	3.94627596e-02	1.36462153e+00	6.56898756e-01	7.07722777e-01
4678            	-2.54133623e-02	3.94648153e-02	1.36459466e+00	6.56883966e-01	7.07710691e-01
4679            	-2.54146915e-02	3.94669388e-02	1.36456771e+00	6.56869163e-01	7.07698546e-01
4680            	-2.54160449e-02	3.94691118e-02	1.36454043e+00	6.56854168e-01	7.07686258e-01
4681            	-2.54177879e-02	3.94714358e-02	1.36450750e+00	6.56835964e-01	7.07671540e-01
4682            	-2.54191517e-02	3.94735870e-02	1.36447959e+00	6.56820644e-01	7.07658947e-01
4683            	-2.54204750e-02	3.94757420e-02	1.36445198e+00	6.56805515e-01	7.07646465e-01
4684            	-2.54217599e-02	3.94779079e-02	1.36442462e+00	6.56790550e-01	7.07634070e-01
4685            	-2.54230666e-02	3.94800536e-02	1.36439723e+00	6.56775548e-01	7.07621681e-01
4686            	-2.54247650e-02	3.94822764e-02	1.36436441e+00	6.56757438e-01	7.07606968e-01
4687            	-2.54261032e-02	3.94842705e-02	1.36433693e+00	6.56742361e-01	7.07594568e-01
4688            	-2.54274191e-02	3.94862378e-02	1.36430986e+00	6.56727512e-01	7.07582350e-01
4689            	-2.54287095e-02	3.94882042e-02	1.36428312e+00	6.56712852e-01	7.07570271e-01
4690            	-2.54300263e-02	3.94901533e-02	1.36425643e+00	6.56698191e-01	7.07558243e-01
4691            	-2.54313438e-02	3.94921155e-02	1.36422966e+00	6.56683486e-01	7.07546174e-01
4692            	-2.54330469e-02	3.94941468e-02	1.36419749e+00	6.56665700e-01	7.07531794e-01
4693            	-2.54343747e-02	3.94959809e-02	1.36417071e+00	6.56650980e-01	7.07519729e-01
4694            	-2.54356667e-02	3.94978019e-02	1.36414440e+00	6.56636533e-01	7.07507866e-01
4695            	-2.54369616e-02	3.94996008e-02	1.36411846e+00	6.56622271e-01	7.07496194e-01
4696            	-2.54382278e-02	3.95014220e-02	1.36409281e+00	6.56608176e-01	7.07484632e-01
4697            	-2.54394648e-02	3.95032782e-02	1.36406722e+00	6.56594143e-01	7.07473073e-01
4698            	-2.54406801e-02	3.95051650e-02	1.36404150e+00	6.56580069e-01	7.07461429e-01
4699            	-2.54418855e-02	3.95070640e-02	1.36401553e+00	6.56565880e-01	7.07449651e-01
4700            	-2.54431374e-02	3.95089180e-02	1.36398921e+00	6.56551469e-01	7.07437744e-01
4701            	-2.54444116e-02	3.95107270e-02	1.36396267e+00	6.56536924e-01	7.07425747e-01
4702            	-2.54457035e-02	3.95124797e-02	1.36393604e+00	6.56522314e-01	7.07413721e-01
4703            	-2.54470092e-02	3.95141699e-02	1.36390945e+00	6.56507717e-01	7.07401736e-01
4704            	-2.54483260e-02	3.95157975e-02	1.36388306e+00	6.56493203e-01	7.07389855e-01
4705            	-2.54496515e-02	3.95173684e-02	1.36385695e+00	6.56478823e-01	7.07378126e-01
4706            	-2.54510252e-02	3.95188618e-02	1.36383111e+00	6.56464532e-01	7.07366583e-01
4707            	-2.54524062e-02	3.95203182e-02	1.36380564e+00	6.56450416e-01	7.07355228e-01
4708            	-2.54537760e-02	3.95217608e-02	1.36378053e+00	6.56436490e-01	7.07344042e-01
4709            	-2.54551216e-02	3.95232065e-02	1.36375574e+00	6.56422747e-01	7.07332991e-01
4710            	-2.54564365e-02	3.95246641e-02	1.36373120e+00	6.56409163e-01	7.07322036e-01
4711            	-2.54577201e-02	3.95261349e-02	1.36370684e+00	6.56395701e-01	7.07311142e-01
4712            	-2.54590183e-02	3.95275835e-02	1.36368254e+00	6.56382253e-01	7.07300289e-01
4713            	-2.54603015e-02	3.95290275e-02	1.36365833e+00	6.56368862e-01	7.07289465e-01
4714            	-2.54615643e-02	3.95304657e-02	1.36363419e+00	6.56355529e-01	7.07278657e-01
4715            	-2.54628080e-02	3.95318922e-02	1.36361012e+00	6.56342250e-01	7.07267866e-01
4716            	-2.54640396e-02	3.95332979e-02	1.36358611e+00	6.56329015e-01	7.07257094e-01
4717            	-2.54652691e-02	3.95346727e-02	1.36356216e+00	6.56315813e-01	7.07246351e-01
4718            	-2.54665500e-02	3.95359765e-02	1.36353822e+00	6.56302558e-01	7.07235658e-01
4719            	-2.54678560e-02	3.95372285e-02	1.36351435e+00	6.56289318e-01	7.07225030e-01
4720            	-2.54691808e-02	3.95384342e-02	1.36349059e+00	6.56276113e-01	7.07214475e-01
4721            	-2.54705200e-02	3.95395984e-02	1.36346695e+00	6.56262957e-01	7.07203997e-01
4722            	-2.54718723e-02	3.95407239e-02	1.36344345e+00	6.56249852e-01	7.07193596e-01
4723            	-2.54732374e-02	3.95418124e-02	1.36342007e+00	6.56236796e-01	7.07183271e-01
4724            	-2.54746570e-02	3.95428353e-02	1.36339674e+00	6.56223711e-01	7.07173025e-01
4725            	-2.54760951e-02	3.95438197e-02	1.36337352e+00	6.56210667e-01	7.07162857e-01
4726            	-2.54775370e-02	3.95447760e-02	1.36335045e+00	6.56197686e-01	7.07152760e-01
4727            	-2.54789731e-02	3.95457111e-02	1.36332751e+00	6.56184780e-01	7.07142726e-01
4728            	-2.54803990e-02	3.95466275e-02	1.36330470e+00	6.56171950e-01	7.07132748e-01
4729            	-2.54818144e-02	3.95475249e-02	1.36328201e+00	6.56159193e-01	7.07122822e-01
4730            	-2.54832630e-02	3.95483715e-02	1.36325938e+00	6.56146427e-01	7.07112953e-01
4731            	-2.54847142e-02	3.95491892e-02	1.36323686e+00	6.56133715e-01	7.07103143e-01
4732            	-2.54861599e-02	3.95499833e-02	1.36321446e+00	6.56121072e-01	7.07093391e-01
4733            	-2.54875970e-02	3.95507558e-02	1.36319220e+00	6.56108502e-01	7.07083696e-01
4734            	-2.54890272e-02	3.95515058e-02	1.36317006e+00	6.56096002e-01	7.07074056e-01
4735            	-2.54904554e-02	3.95522298e-02	1.36314803e+00	6.56083559e-01	7.07064470e-01
4736            	-2.54918876e-02	3.95529241e-02	1.36312610e+00	6.56071161e-01	7.07054937e-01
4737            	-2.54933701e-02	3.95535566e-02	1.36310420e+00	6.56058728e-01	7.07045468e-01
4738            	-2.54948725e-02	3.95541498e-02	1.36308239e+00	6.56046322e-01	7.07036067e-01
4739            	-2.54963850e-02	3.95547109e-02	1.36306070e+00	6.56033963e-01	7.07026733e-01
4740            	-2.54979017e-02	3.95552440e-02	1.36303912e+00	6.56021659e-01	7.07017462e-01
4741            	-2.54994209e-02	3.95557500e-02	1.36301766e+00	6.56009407e-01	7.07008249e-01
4742            	-2.55009438e-02	3.95562277e-02	1.36299629e+00	6.55997203e-01	7.06999090e-01
4743            	-2.55024730e-02	3.95566747e-02	1.36297502e+00	6.55985036e-01	7.06989982e-01
4744            	-2.55040522e-02	3.95570599e-02	1.36295376e+00	6.55972827e-01	7.06980931e-01
4745            	-2.55056492e-02	3.95574060e-02	1.36293258e+00	6.55960642e-01	7.06971941e-01
4746            	-2.55072524e-02	3.95577209e-02	1.36291151e+00	6.55948502e-01	7.06963007e-01
4747            	-2.55088544e-02	3.95580093e-02	1.36289055e+00	6.55936419e-01	7.06954128e-01
4748            	-2.55104527e-02	3.95582727e-02	1.36286970e+00	6.55924395e-01	7.06945300e-01
4749            	-2.55120481e-02	3.95585105e-02	1.36284895e+00	6.55912426e-01	7.06936523e-01
4750            	-2.55136436e-02	3.95587204e-02	1.36282830e+00	6.55900506e-01	7.06927793e-01
4751            	-2.55152826e-02	3.95588721e-02	1.36280768e+00	6.55888557e-01	7.06919122e-01
4752            	-2.55169340e-02	3.95589884e-02	1.36278716e+00	6.55876644e-01	7.06910512e-01
4753            	-2.55185874e-02	3.95590766e-02	1.36276675e+00	6.55864785e-01	7.06901960e-01
4754            	-2.55202372e-02	3.95591410e-02	1.36274645e+00	6.55852990e-01	7.06893464e-01
4755            	-2.55218816e-02	3.95591828e-02	1.36272628e+00	6.55841257e-01	7.06885020e-01
4756            	-2.55235226e-02	3.95592006e-02	1.36270621e+00	6.55829581e-01	7.06876626e-01
4757            	-2.55251635e-02	3.95591923e-02	1.36268623e+00	6.55817951e-01	7.06868278e-01
4758            	-2.55268476e-02	3.95591279e-02	1.36266628e+00	6.55806291e-01	7.06859986e-01
4759            	-2.55285444e-02	3.95590298e-02	1.36264641e+00	6.55794661e-01	7.06851750e-01
4760            	-2.55302444e-02	3.95589049e-02	1.36262665e+00	6.55783080e-01	7.06843569e-01
4761            	-2.55319420e-02	3.95587571e-02	1.36260699e+00	6.55771554e-01	7.06835438e-01
4762            	-2.55336357e-02	3.95585874e-02	1.36258744e+00	6.55760083e-01	7.06827354e-01
4763            	-2.55353271e-02	3.95583946e-02	1.36256797e+00	6.55748659e-01	7.06819314e-01
4764            	-2.55370189e-02	3.95581767e-02	1.36254859e+00	6.55737277e-01	7.06811315e-01
4765            	-2.55387139e-02	3.95579320e-02	1.36252929e+00	6.55725929e-01	7.06803357e-01
4766            	-2.55404530e-02	3.95576325e-02	1.36251000e+00	6.55714545e-01	7.06795451e-01
4767            	-2.55422042e-02	3.95573018e-02	1.36249079e+00	6.55703193e-01	7.06787601e-01
4768            	-2.55439560e-02	3.95569482e-02	1.36247170e+00	6.55691893e-01	7.06779805e-01
4769            	-2.55457014e-02	3.95565765e-02	1.36245272e+00	6.55680657e-01	7.06772060e-01
4770            	-2.55474381e-02	3.95561880e-02	1.36243385e+00	6.55669485e-01	7.06764362e-01
4771            	-2.55491697e-02	3.95557807e-02	1.36241505e+00	6.55658357e-01	7.06756697e-01
4772            	-2.55508961e-02	3.95553528e-02	1.36239636e+00	6.55647285e-01	7.06749077e-01
4773            	-2.55526203e-02	3.95549022e-02	1.36237777e+00	6.55636263e-01	7.06741503e-01
4774            	-2.55543839e-02	3.95544007e-02	1.36235920e+00	6.55625216e-01	7.06733984e-01
4775            	-2.55561557e-02	3.95538715e-02	1.36234073e+00	6.55614208e-01	7.06726520e-01
4776            	-2.55579253e-02	3.95533227e-02	1.36232237e+00	6.55603258e-01	7.06719108e-01
4777            	-2.55596863e-02	3.95527591e-02	1.36230411e+00	6.55592371e-01	7.06711744e-01
4778            	-2.55614368e-02	3.95521820e-02	1.36228597e+00	6.55581547e-01	7.06704421e-01
4779            	-2.55631782e-02	3.95515905e-02	1.36226791e+00	6.55570779e-01	7.06697136e-01
4780            	-2.55649139e-02	3.95509821e-02	1.36224994e+00	6.55560057e-01	7.06689885e-01
4781            	-2.55666470e-02	3.95503548e-02	1.36223204e+00	6.55549375e-01	7.06682669e-01
4782            	-2.55683796e-02	3.95497075e-02	1.36221421e+00	6.55538728e-01	7.06675487e-01
4783            	-2.55701517e-02	3.95490135e-02	1.36219640e+00	6.55528049e-01	7.06668352e-01
4784            	-2.55719308e-02	3.95482970e-02	1.36217868e+00	6.55517407e-01	7.06661269e-01
4785            	-2.55737056e-02	3.95475666e-02	1.36216106e+00	6.55506824e-01	7.06654235e-01
4786            	-2.55754693e-02	3.95468267e-02	1.36214356e+00	6.55496310e-01	7.06647249e-01
4787            	-2.55772201e-02	3.95460785e-02	1.36212617e+00	6.55485865e-01	7.06640305e-01
4788            	-2.55789599e-02	3.95453199e-02	1.36210888e+00	6.55475480e-01	7.06633400e-01
4789            	-2.55806921e-02	3.95445482e-02	1.36209168e+00	6.55465146e-01	7.06626531e-01
4790            	-2.55824202e-02	3.95437607e-02	1.36207455e+00	6.55454855e-01	7.06619695e-01
4791            	-2.55841463e-02	3.95429562e-02	1.36205749e+00	6.55444600e-01	7.06612893e-01
4792            	-2.55858709e-02	3.95421352e-02	1.36204051e+00	6.55434383e-01	7.06606125e-01
4793            	-2.55876324e-02	3.95412724e-02	1.36202354e+00	6.55424138e-01	7.06599402e-01
4794            	-2.55893975e-02	3.95403929e-02	1.36200666e+00	6.55413934e-01	7.06592729e-01
4795            	-2.55911545e-02	3.95395056e-02	1.36198990e+00	6.55403794e-01	7.06586103e-01
4796            	-2.55928967e-02	3.95386150e-02	1.36197325e+00	6.55393727e-01	7.06579520e-01
4797            	-2.55946228e-02	3.95377217e-02	1.36195671e+00	6.55383730e-01	7.06572975e-01
4798            	-2.55963352e-02	3.95368233e-02	1.36194026e+00	6.55373794e-01	7.06566465e-01
4799            	-2.55980382e-02	3.95359165e-02	1.36192389e+00	6.55363909e-01	7.06559985e-01
4800            	-2.55997357e-02	3.95349982e-02	1.36190760e+00	6.55354064e-01	7.06553535e-01
4801            	-2.56014302e-02	3.95340673e-02	1.36189137e+00	6.55344254e-01	7.06547114e-01
4802            	-2.56031225e-02	3.95331238e-02	1.36187520e+00	6.55334478e-01	7.06540723e-01
4803            	-2.56048513e-02	3.95321426e-02	1.36185905e+00	6.55324672e-01	7.06534375e-01
4804            	-2.56065837e-02	3.95311489e-02	1.36184298e+00	6.55314906e-01	7.06528074e-01
4805            	-2.56083077e-02	3.95301513e-02	1.36182702e+00	6.55305201e-01	7.06521817e-01
4806            	-2.56100168e-02	3.95291545e-02	1.36181117e+00	6.55295566e-01	7.06515600e-01
4807            	-2.56117091e-02	3.95281591e-02	1.36179542e+00	6.55286001e-01	7.06509419e-01
4808            	-2.56133866e-02	3.95271629e-02	1.36177977e+00	6.55276497e-01	7.06503270e-01
4809            	-2.56150532e-02	3.95261624e-02	1.36176419e+00	6.55267042e-01	7.06497149e-01
4810            	-2.56167130e-02	3.95251547e-02	1.36174868e+00	6.55257629e-01	7.06491055e-01
4811            	-2.56183685e-02	3.95241379e-02	1.36173324e+00	6.55248249e-01	7.06484986e-01
4812            	-2.56200205e-02	3.95231123e-02	1.36171785e+00	6.55238904e-01	7.06478945e-01
4813            	-2.56216681e-02	3.95220797e-02	1.36170253e+00	6.55229596e-01	7.06472933e-01
4814            	-2.56233498e-02	3.95210153e-02	1.36168722e+00	6.55220262e-01	7.06466962e-01
4815            	-2.56250323e-02	3.95199445e-02	1.36167201e+00	6.55210972e-01	7.06461036e-01
4816            	-2.56267041e-02	3.95188758e-02	1.36165690e+00	6.55201745e-01	7.06455154e-01
4817            	-2.56283592e-02	3.95178128e-02	1.36164190e+00	6.55192590e-01	7.06449308e-01
4818            	-2.56299971e-02	3.95167553e-02	1.36162700e+00	6.55183502e-01	7.06443496e-01
4819            	-2.56316205e-02	3.95157000e-02	1.36161218e+00	6.55174470e-01	7.06437710e-01
4820            	-2.56332341e-02	3.95146432e-02	1.36159743e+00	6.55165481e-01	7.06431949e-01
4821            	-2.56348422e-02	3.95135813e-02	1.36158274e+00	6.55156526e-01	7.06426211e-01
4822            	-2.56364474e-02	3.95125127e-02	1.36156809e+00	6.55147599e-01	7.06420494e-01
4823            	-2.56380504e-02	3.95114376e-02	1.36155350e+00	6.55138699e-01	7.06414800e-01
4824            	-2.56396500e-02	3.95103582e-02	1.36153896e+00	6.55129831e-01	7.06409131e-01
4825            	-2.56412437e-02	3.95092776e-02	1.36152449e+00	6.55121001e-01	7.06403489e-01
4826            	-2.56432134e-02	3.95078815e-02	1.36150754e+00	6.55110555e-01	7.06396982e-01
4827            	-2.56448039e-02	3.95067836e-02	1.36149356e+00	6.55101975e-01	7.06391583e-01
4828            	-2.56463482e-02	3.95057297e-02	1.36147995e+00	6.55093625e-01	7.06386321e-01
4829            	-2.56478440e-02	3.95047250e-02	1.36146663e+00	6.55085471e-01	7.06381159e-01
4830            	-2.56493043e-02	3.95037581e-02	1.36145346e+00	6.55077427e-01	7.06376036e-01
4831            	-2.56507521e-02	3.95028061e-02	1.36144025e+00	6.55069374e-01	7.06370878e-01
4832            	-2.56525141e-02	3.95015906e-02	1.36142460e+00	6.55059785e-01	7.06364814e-01
4833            	-2.56539575e-02	3.95006109e-02	1.36141137e+00	6.55051726e-01	7.06359641e-01
4834            	-2.56554056e-02	3.94996203e-02	1.36139811e+00	6.55043649e-01	7.06354460e-01
4835            	-2.56568636e-02	3.94986163e-02	1.36138480e+00	6.55035535e-01	7.06349263e-01
4836            	-2.56586421e-02	3.94973370e-02	1.36136914e+00	6.55025926e-01	7.06343211e-01
4837            	-2.56601088e-02	3.94962995e-02	1.36135593e+00	6.55017854e-01	7.06338072e-01
4838            	-2.56615659e-02	3.94952722e-02	1.36134284e+00	6.55009857e-01	7.06332988e-01
4839            	-2.56633557e-02	3.94939768e-02	1.36132762e+00	6.55000456e-01	7.06327167e-01
4840            	-2.56648365e-02	3.94929361e-02	1.36131482e+00	6.54992576e-01	7.06322249e-01
4841            	-2.56662929e-02	3.94919278e-02	1.36130221e+00	6.54984814e-01	7.06317399e-01
4842            	-2.56680142e-02	3.94907088e-02	1.36128760e+00	6.54975787e-01	7.06311815e-01
4843            	-2.56694260e-02	3.94897360e-02	1.36127522e+00	6.54968182e-01	7.06307034e-01
4844            	-2.56708193e-02	3.94887835e-02	1.36126287e+00	6.54960616e-01	7.06302255e-01
4845            	-2.56724889e-02	3.94876043e-02	1.36124840e+00	6.54951713e-01	7.06296691e-01
4846            	-2.56738760e-02	3.94866409e-02	1.36123602e+00	6.54944132e-01	7.06291884e-01
4847            	-2.56755337e-02	3.94854511e-02	1.36122162e+00	6.54935277e-01	7.06286345e-01
4848            	-2.56769123e-02	3.94844787e-02	1.36120933e+00	6.54927754e-01	7.06281578e-01
4849            	-2.56782793e-02	3.94835210e-02	1.36119714e+00	6.54920288e-01	7.06276847e-01
4850            	-2.56799057e-02	3.94823544e-02	1.36118300e+00	6.54911595e-01	7.06271407e-01
4851            	-2.56812637e-02	3.94814024e-02	1.36117089e+00	6.54904183e-01	7.06266710e-01
4852            	-2.56828683e-02	3.94802542e-02	1.36115694e+00	6.54895601e-01	7.06261338e-01
4853            	-2.56842576e-02	3.94792869e-02	1.36114491e+00	6.54888196e-01	7.06256711e-01
4854            	-2.56856464e-02	3.94783356e-02	1.36113295e+00	6.54880829e-01	7.06252121e-01
4855            	-2.56874561e-02	3.94770494e-02	1.36111795e+00	6.54871519e-01	7.06246432e-01
4856            	-2.56887454e-02	3.94761769e-02	1.36110677e+00	6.54864641e-01	7.06242132e-01
4857            	-2.56904440e-02	3.94749762e-02	1.36109256e+00	6.54855838e-01	7.06236726e-01
4858            	-2.56916620e-02	3.94741595e-02	1.36108186e+00	6.54849266e-01	7.06232590e-01
4859            	-2.56929154e-02	3.94733267e-02	1.36107078e+00	6.54842475e-01	7.06228306e-01
4860            	-2.56946334e-02	3.94721272e-02	1.36105624e+00	6.54833487e-01	7.06222754e-01
4861            	-2.56959094e-02	3.94712685e-02	1.36104495e+00	6.54826566e-01	7.06218385e-01
4862            	-2.56972366e-02	3.94703750e-02	1.36103324e+00	6.54819385e-01	7.06213859e-01
4863            	-2.56986219e-02	3.94694394e-02	1.36102108e+00	6.54811918e-01	7.06209162e-01
4864            	-2.57000599e-02	3.94684626e-02	1.36100853e+00	6.54804204e-01	7.06204323e-01
4865            	-2.57015363e-02	3.94674525e-02	1.36099573e+00	6.54796328e-01	7.06199401e-01
4866            	-2.57030321e-02	3.94664230e-02	1.36098286e+00	6.54788397e-01	7.06194462e-01
4867            	-2.57045281e-02	3.94653905e-02	1.36097008e+00	6.54780510e-01	7.06189566e-01
4868            	-2.57060651e-02	3.94643342e-02	1.36095741e+00	6.54772639e-01	7.06184769e-01
4869            	-2.57075910e-02	3.94632968e-02	1.36094500e+00	6.54764907e-01	7.06180088e-01
4870            	-2.57090864e-02	3.94622955e-02	1.36093285e+00	6.54757336e-01	7.06175509e-01
4871            	-2.57105436e-02	3.94613366e-02	1.36092091e+00	6.54749913e-01	7.06171001e-01
4872            	-2.57119639e-02	3.94604182e-02	1.36090913e+00	6.54742602e-01	7.06166530e-01
4873            	-2.57133544e-02	3.94595323e-02	1.36089743e+00	6.54735361e-01	7.06162070e-01
4874            	-2.57147254e-02	3.94586679e-02	1.36088575e+00	6.54728150e-01	7.06157601e-01
4875            	-2.57160872e-02	3.94578141e-02	1.36087405e+00	6.54720939e-01	7.06153113e-01
4876            	-2.57174479e-02	3.94569618e-02	1.36086232e+00	6.54713710e-01	7.06148606e-01
4877            	-2.57191870e-02	3.94558233e-02	1.36084802e+00	6.54704821e-01	7.06143195e-01
4878            	-2.57204250e-02	3.94550458e-02	1.36083726e+00	6.54698203e-01	7.06139053e-01
4879            	-2.57219830e-02	3.94540396e-02	1.36082430e+00	6.54690168e-01	7.06134134e-01
4880            	-2.57233992e-02	3.94531459e-02	1.36081236e+00	6.54682779e-01	7.06129577e-01
4881            	-2.57244166e-02	3.94525672e-02	1.36080321e+00	6.54677190e-01	7.06126023e-01
4882            	-2.57254460e-02	3.94520137e-02	1.36079384e+00	6.54671476e-01	7.06122368e-01
4883            	-2.57266914e-02	3.94513276e-02	1.36078272e+00	6.54664670e-01	7.06118053e-01
4884            	-2.57280199e-02	3.94505819e-02	1.36077094e+00	6.54657450e-01	7.06113490e-01
4885            	-2.57293111e-02	3.94498524e-02	1.36075984e+00	6.54650611e-01	7.06109233e-01
4886            	-2.57308416e-02	3.94489355e-02	1.36074730e+00	6.54642809e-01	7.06104492e-01
4887            	-2.57324041e-02	3.94479716e-02	1.36073474e+00	6.54634967e-01	7.06099775e-01
4888            	-2.57337805e-02	3.94471323e-02	1.36072357e+00	6.54628004e-01	7.06095565e-01
4889            	-2.57354220e-02	3.94461102e-02	1.36071070e+00	6.54619927e-01	7.06090771e-01
4890            	-2.57369519e-02	3.94451664e-02	1.36069862e+00	6.54612357e-01	7.06086261e-01
4891            	-2.57383785e-02	3.94443103e-02	1.36068721e+00	6.54605227e-01	7.06081984e-01
4892            	-2.57397272e-02	3.94435349e-02	1.36067623e+00	6.54598390e-01	7.06077844e-01
4893            	-2.57410262e-02	3.94428246e-02	1.36066544e+00	6.54591695e-01	7.06073747e-01
4894            	-2.57422994e-02	3.94421599e-02	1.36065465e+00	6.54585025e-01	7.06069624e-01
4895            	-2.57435640e-02	3.94415207e-02	1.36064375e+00	6.54578311e-01	7.06065439e-01
4896            	-2.57448314e-02	3.94408886e-02	1.36063271e+00	6.54571526e-01	7.06061189e-01
4897            	-2.57461081e-02	3.94402494e-02	1.36062156e+00	6.54564673e-01	7.06056889e-01
4898            	-2.57473969e-02	3.94395947e-02	1.36061035e+00	6.54557776e-01	7.06052570e-01
4899            	-2.57486989e-02	3.94389223e-02	1.36059911e+00	6.54550856e-01	7.06048254e-01
4900            	-2.57500138e-02	3.94382349e-02	1.36058789e+00	6.54543934e-01	7.06043961e-01
4901            	-2.57513399e-02	3.94375384e-02	1.36057671e+00	6.54537017e-01	7.06039697e-01
4902            	-2.57526747e-02	3.94368408e-02	1.36056557e+00	6.54530112e-01	7.06035461e-01
4903            	-2.57540143e-02	3.94361499e-02	1.36055447e+00	6.54523219e-01	7.06031248e-01
4904            	-2.57554172e-02	3.94354318e-02	1.36054330e+00	6.54516235e-01	7.06027070e-01
4905            	-2.57568364e-02	3.94347207e-02	1.36053215e+00	6.54509237e-01	7.06022910e-01
4906            	-2.57582530e-02	3.94340276e-02	1.36052101e+00	6.54502251e-01	7.06018757e-01
4907            	-2.57596544e-02	3.94333579e-02	1.36050989e+00	6.54495292e-01	7.06014600e-01
4908            	-2.57610348e-02	3.94327119e-02	1.36049880e+00	6.54488367e-01	7.06010437e-01
4909            	-2.57623931e-02	3.94320873e-02	1.36048774e+00	6.54481479e-01	7.06006265e-01
4910            	-2.57637317e-02	3.94314808e-02	1.36047671e+00	6.54474625e-01	7.06002088e-01
4911            	-2.57650535e-02	3.94308899e-02	1.36046572e+00	6.54467804e-01	7.05997911e-01
4912            	-2.57663617e-02	3.94303126e-02	1.36045476e+00	6.54461017e-01	7.05993740e-01
4913            	-2.57676588e-02	3.94297483e-02	1.36044384e+00	6.54454262e-01	7.05989580e-01
4914            	-2.57689462e-02	3.94291976e-02	1.36043298e+00	6.54447542e-01	7.05985434e-01
4915            	-2.57702256e-02	3.94286607e-02	1.36042216e+00	6.54440853e-01	7.05981304e-01
4916            	-2.57714984e-02	3.94281376e-02	1.36041138e+00	6.54434193e-01	7.05977190e-01
4917            	-2.57727663e-02	3.94276276e-02	1.36040064e+00	6.54427556e-01	7.05973089e-01
4918            	-2.57740315e-02	3.94271291e-02	1.36038993e+00	6.54420935e-01	7.05968998e-01
4919            	-2.57752962e-02	3.94266405e-02	1.36037923e+00	6.54414321e-01	7.05964913e-01
4920            	-2.57765620e-02	3.94261599e-02	1.36036854e+00	6.54407709e-01	7.05960833e-01
4921            	-2.57778300e-02	3.94256862e-02	1.36035785e+00	6.54401095e-01	7.05956754e-01
4922            	-2.57791004e-02	3.94252188e-02	1.36034715e+00	6.54394477e-01	7.05952677e-01
4923            	-2.57803725e-02	3.94247582e-02	1.36033646e+00	6.54387856e-01	7.05948601e-01
4924            	-2.57816450e-02	3.94243054e-02	1.36032577e+00	6.54381238e-01	7.05944528e-01
4925            	-2.57829794e-02	3.94238210e-02	1.36031500e+00	6.54374520e-01	7.05940479e-01
4926            	-2.57843297e-02	3.94233369e-02	1.36030424e+00	6.54367792e-01	7.05936451e-01
4927            	-2.57856801e-02	3.94228631e-02	1.36029351e+00	6.54361076e-01	7.05932436e-01
4928            	-2.57870201e-02	3.94224048e-02	1.36028281e+00	6.54354383e-01	7.05928423e-01
4929            	-2.57883442e-02	3.94219644e-02	1.36027212e+00	6.54347717e-01	7.05924405e-01
4930            	-2.57896503e-02	3.94215421e-02	1.36026146e+00	6.54341081e-01	7.05920381e-01
4931            	-2.57909389e-02	3.94211373e-02	1.36025082e+00	6.54334473e-01	7.05916351e-01
4932            	-2.57922116e-02	3.94207491e-02	1.36024021e+00	6.54327892e-01	7.05912315e-01
4933            	-2.57934702e-02	3.94203767e-02	1.36022962e+00	6.54321338e-01	7.05908279e-01
4934            	-2.57947164e-02	3.94200200e-02	1.36021906e+00	6.54314812e-01	7.05904244e-01
4935            	-2.57959513e-02	3.94196791e-02	1.36020853e+00	6.54308313e-01	7.05900215e-01
4936            	-2.57971763e-02	3.94193539e-02	1.36019803e+00	6.54301841e-01	7.05896194e-01
4937            	-2.57983933e-02	3.94190435e-02	1.36018758e+00	6.54295395e-01	7.05892182e-01
4938            	-2.57996044e-02	3.94187467e-02	1.36017715e+00	6.54288970e-01	7.05888179e-01
4939            	-2.58008123e-02	3.94184616e-02	1.36016674e+00	6.54282559e-01	7.05884183e-01
4940            	-2.58020194e-02	3.94181863e-02	1.36015635e+00	6.54276156e-01	7.05880195e-01
4941            	-2.58032277e-02	3.94179189e-02	1.36014596e+00	6.54269755e-01	7.05876210e-01
4942            	-2.58044385e-02	3.94176584e-02	1.36013558e+00	6.54263351e-01	7.05872228e-01
4943            	-2.58056520e-02	3.94174041e-02	1.36012519e+00	6.54256943e-01	7.05868247e-01
4944            	-2.58068676e-02	3.94171566e-02	1.36011480e+00	6.54250531e-01	7.05864266e-01
4945            	-2.58080836e-02	3.94169168e-02	1.36010440e+00	6.54244119e-01	7.05860286e-01
4946            	-2.58093608e-02	3.94166454e-02	1.36009393e+00	6.54237606e-01	7.05856328e-01
4947            	-2.58106540e-02	3.94163737e-02	1.36008347e+00	6.54231080e-01	7.05852388e-01
4948            	-2.58119486e-02	3.94161110e-02	1.36007302e+00	6.54224560e-01	7.05848457e-01
4949            	-2.58132346e-02	3.94158625e-02	1.36006258e+00	6.54218054e-01	7.05844524e-01
4950            	-2.58145060e-02	3.94156310e-02	1.36005215e+00	6.54211570e-01	7.05840582e-01
4951            	-2.58157597e-02	3.94154173e-02	1.36004174e+00	6.54205111e-01	7.05836631e-01
4952            	-2.58169953e-02	3.94152213e-02	1.36003135e+00	6.54198680e-01	7.05832671e-01
4953            	-2.58182134e-02	3.94150428e-02	1.36002098e+00	6.54192278e-01	7.05828704e-01
4954            	-2.58194150e-02	3.94148816e-02	1.36001064e+00	6.54185906e-01	7.05824736e-01
4955            	-2.58206011e-02	3.94147380e-02	1.36000034e+00	6.54179567e-01	7.05820769e-01
4956            	-2.58217731e-02	3.94146121e-02	1.35999007e+00	6.54173260e-01	7.05816806e-01
4957            	-2.58229325e-02	3.94145033e-02	1.35997984e+00	6.54166986e-01	7.05812851e-01
4958            	-2.58240814e-02	3.94144107e-02	1.35996964e+00	6.54160740e-01	7.05808903e-01
4959            	-2.58252228e-02	3.94143326e-02	1.35995948e+00	6.54154519e-01	7.05804964e-01
4960            	-2.58263597e-02	3.94142664e-02	1.35994934e+00	6.54148312e-01	7.05801032e-01
4961            	-2.58273960e-02	3.94142167e-02	1.35993996e+00	6.54142586e-01	7.05797378e-01
4962            	-2.58283383e-02	3.94142212e-02	1.35993122e+00	6.54137274e-01	7.05793951e-01
4963            	-2.58293388e-02	3.94142385e-02	1.35992194e+00	6.54131630e-01	7.05790307e-01
4964            	-2.58307146e-02	3.94141922e-02	1.35990980e+00	6.54124186e-01	7.05785615e-01
4965            	-2.58320637e-02	3.94141050e-02	1.35989804e+00	6.54116955e-01	7.05781083e-01
4966            	-2.58333635e-02	3.94139916e-02	1.35988686e+00	6.54110065e-01	7.05776792e-01
4967            	-2.58346060e-02	3.94138789e-02	1.35987627e+00	6.54103529e-01	7.05772741e-01
4968            	-2.58357392e-02	3.94137678e-02	1.35986690e+00	6.54097709e-01	7.05769188e-01
4969            	-2.58367406e-02	3.94137397e-02	1.35985851e+00	6.54092517e-01	7.05765998e-01
4970            	-2.58377732e-02	3.94137657e-02	1.35984972e+00	6.54087086e-01	7.05762632e-01
4971            	-2.58391601e-02	3.94137909e-02	1.35983811e+00	6.54079893e-01	7.05758213e-01
4972            	-2.58404929e-02	3.94138131e-02	1.35982678e+00	6.54072896e-01	7.05753882e-01
4973            	-2.58417577e-02	3.94138250e-02	1.35981590e+00	6.54066194e-01	7.05749709e-01
4974            	-2.58428453e-02	3.94138374e-02	1.35980630e+00	6.54060307e-01	7.05745998e-01
4975            	-2.58437765e-02	3.94139066e-02	1.35979777e+00	6.54055106e-01	7.05742659e-01
4976            	-2.58447263e-02	3.94140090e-02	1.35978890e+00	6.54049722e-01	7.05739174e-01
4977            	-2.58460125e-02	3.94141037e-02	1.35977727e+00	6.54042623e-01	7.05734648e-01
4978            	-2.58472499e-02	3.94141826e-02	1.35976603e+00	6.54035764e-01	7.05730264e-01
4979            	-2.58484284e-02	3.94142502e-02	1.35975531e+00	6.54029226e-01	7.05726083e-01
4980            	-2.58494446e-02	3.94143196e-02	1.35974591e+00	6.54023511e-01	7.05722400e-01
4981            	-2.58503179e-02	3.94144490e-02	1.35973759e+00	6.54018475e-01	7.05719111e-01
4982            	-2.58512135e-02	3.94146250e-02	1.35972893e+00	6.54013251e-01	7.05715679e-01
4983            	-2.58524351e-02	3.94148271e-02	1.35971755e+00	6.54006338e-01	7.05711208e-01
4984            	-2.58536202e-02	3.94150096e-02	1.35970650e+00	6.53999630e-01	7.05706871e-01
4985            	-2.58547603e-02	3.94151694e-02	1.35969593e+00	6.53993205e-01	7.05702725e-01
4986            	-2.58557528e-02	3.94153106e-02	1.35968663e+00	6.53987562e-01	7.05699068e-01
4987            	-2.58566116e-02	3.94154959e-02	1.35967837e+00	6.53982576e-01	7.05695799e-01
4988            	-2.58574986e-02	3.94157222e-02	1.35966976e+00	6.53977380e-01	7.05692377e-01
4989            	-2.58587162e-02	3.94159801e-02	1.35965837e+00	6.53970468e-01	7.05687901e-01
4990            	-2.58598988e-02	3.94162115e-02	1.35964730e+00	6.53963754e-01	7.05683551e-01
4991            	-2.58610950e-02	3.94163768e-02	1.35963664e+00	6.53957223e-01	7.05679413e-01
4992            	-2.58621524e-02	3.94165117e-02	1.35962726e+00	6.53951478e-01	7.05675783e-01
4993            	-2.58630729e-02	3.94166890e-02	1.35961897e+00	6.53946410e-01	7.05672555e-01
4994            	-2.58642075e-02	3.94168935e-02	1.35960885e+00	6.53940219e-01	7.05668634e-01
4995            	-2.58651947e-02	3.94171410e-02	1.35959971e+00	6.53934659e-01	7.05665049e-01
4996            	-2.58661782e-02	3.94174178e-02	1.35959041e+00	6.53929026e-01	7.05661382e-01
4997            	-2.58674705e-02	3.94177097e-02	1.35957860e+00	6.53921828e-01	7.05656769e-01
4998            	-2.58686882e-02	3.94179577e-02	1.35956741e+00	6.53915019e-01	7.05652395e-01
4999            	-2.58698286e-02	3.94181764e-02	1.35955691e+00	6.53908627e-01	7.05648284e-01
5000            	-2.58707910e-02	3.94183820e-02	1.35954783e+00	6.53903126e-01	7.05644708e-01
5001            	-2.58715971e-02	3.94186440e-02	1.35953989e+00	6.53898348e-01	7.05641542e-01
5002            	-2.58725881e-02	3.94189720e-02	1.35953014e+00	6.53892482e-01	7.05637659e-01
5003            	-2.58734410e-02	3.94193466e-02	1.35952131e+00	6.53887212e-01	7.05634094e-01
5004            	-2.58745631e-02	3.94197954e-02	1.35951003e+00	6.53880454e-01	7.05629580e-01
5005            	-2.58755260e-02	3.94201821e-02	1.35950012e+00	6.53874535e-01	7.05625587e-01
5006            	-2.58763382e-02	3.94205627e-02	1.35949151e+00	6.53869418e-01	7.05622094e-01
5007            	-2.58773157e-02	3.94209645e-02	1.35948147e+00	6.53863421e-01	7.05618052e-01
5008            	-2.58781543e-02	3.94213583e-02	1.35947266e+00	6.53858177e-01	7.05614486e-01
5009            	-2.58792653e-02	3.94217926e-02	1.35946162e+00	6.53851543e-01	7.05610074e-01
5010            	-2.58802255e-02	3.94221576e-02	1.35945200e+00	6.53845772e-01	7.05606223e-01
5011            	-2.58812115e-02	3.94225242e-02	1.35944223e+00	6.53839906e-01	7.05602329e-01
5012            	-2.58820522e-02	3.94229028e-02	1.35943369e+00	6.53834794e-01	7.05598898e-01
5013            	-2.58828845e-02	3.94233133e-02	1.35942515e+00	6.53829689e-01	7.05595458e-01
5014            	-2.58840494e-02	3.94237589e-02	1.35941414e+00	6.53823022e-01	7.05591121e-01
5015            	-2.58851796e-02	3.94241644e-02	1.35940359e+00	6.53816616e-01	7.05586976e-01
