# Force coefficients
# liftDir       : (-2.75636946e-01 9.61261813e-01 0.00000000e+00)
# dragDir       : (9.61261813e-01 2.75636946e-01 0.00000000e+00)
# pitchAxis     : (0.00000000e+00 0.00000000e+00 1.00000000e+00)
# magUInf       : 1.50000000e+01
# lRef          : 1.00000000e+00
# Aref          : 1.00000000e-02
# CofR          : (2.50000000e-01 0.00000000e+00 0.00000000e+00)
# Time          	Cm              	Cd              	Cl              	Cl(f)           	Cl(r)           
5954            	-2.67994863e-02	5.41797181e-02	1.38405706e+00	6.65229043e-01	7.18828015e-01
5955            	-2.66687281e-02	5.42717838e-02	1.38453522e+00	6.65598882e-01	7.18936339e-01
5956            	-2.64240716e-02	5.45411225e-02	1.38544203e+00	6.66296946e-01	7.19145089e-01
5957            	-2.62345205e-02	5.47838478e-02	1.38623170e+00	6.66881332e-01	7.19350373e-01
5958            	-2.61249179e-02	5.49548290e-02	1.38676528e+00	6.67257722e-01	7.19507557e-01
5959            	-2.60621994e-02	5.50872233e-02	1.38718431e+00	6.67529955e-01	7.19654354e-01
5960            	-2.60453878e-02	5.51748180e-02	1.38746481e+00	6.67687018e-01	7.19777794e-01
5961            	-2.60763317e-02	5.51912332e-02	1.38753719e+00	6.67692266e-01	7.19844929e-01
5962            	-2.61451364e-02	5.51341738e-02	1.38739748e+00	6.67553605e-01	7.19843878e-01
5963            	-2.62291229e-02	5.50295274e-02	1.38711007e+00	6.67325913e-01	7.19784159e-01
5964            	-2.63263812e-02	5.48806829e-02	1.38669088e+00	6.67019057e-01	7.19671820e-01
5965            	-2.64102480e-02	5.47363282e-02	1.38627575e+00	6.66727628e-01	7.19548124e-01
5966            	-2.64888620e-02	5.45857075e-02	1.38583824e+00	6.66430260e-01	7.19407984e-01
5967            	-2.65706544e-02	5.44182060e-02	1.38533808e+00	6.66098388e-01	7.19239697e-01
5968            	-2.66375021e-02	5.42791725e-02	1.38490674e+00	6.65815866e-01	7.19090870e-01
5969            	-2.66888185e-02	5.41766902e-02	1.38457179e+00	6.65597079e-01	7.18974716e-01
5970            	-2.67213706e-02	5.41189608e-02	1.38436942e+00	6.65463340e-01	7.18906081e-01
5971            	-2.67427956e-02	5.40933021e-02	1.38426353e+00	6.65388969e-01	7.18874560e-01
5972            	-2.67547507e-02	5.40950773e-02	1.38424680e+00	6.65368648e-01	7.18878149e-01
5973            	-2.67588393e-02	5.41175430e-02	1.38430512e+00	6.65393720e-01	7.18911399e-01
5974            	-2.67564377e-02	5.41522140e-02	1.38441872e+00	6.65452922e-01	7.18965797e-01
5975            	-2.67497122e-02	5.41884324e-02	1.38455867e+00	6.65529622e-01	7.19029046e-01
5976            	-2.67436783e-02	5.42111391e-02	1.38467585e+00	6.65594245e-01	7.19081601e-01
5977            	-2.67390616e-02	5.42191816e-02	1.38476455e+00	6.65643213e-01	7.19121336e-01
5978            	-2.67384232e-02	5.42082455e-02	1.38480677e+00	6.65664963e-01	7.19141810e-01
5979            	-2.67432335e-02	5.41778918e-02	1.38479554e+00	6.65654539e-01	7.19141006e-01
5980            	-2.67537727e-02	5.41309089e-02	1.38473424e+00	6.65613346e-01	7.19120892e-01
5981            	-2.67693059e-02	5.40722458e-02	1.38463429e+00	6.65547840e-01	7.19086452e-01
5982            	-2.67882618e-02	5.40080572e-02	1.38451252e+00	6.65467997e-01	7.19044521e-01
5983            	-2.68084219e-02	5.39448763e-02	1.38438860e+00	6.65385879e-01	7.19002723e-01
5984            	-2.68272851e-02	5.38887736e-02	1.38428204e+00	6.65313734e-01	7.18968304e-01
5985            	-2.68424194e-02	5.38444933e-02	1.38420900e+00	6.65262080e-01	7.18946918e-01
5986            	-2.68514508e-02	5.38180311e-02	1.38417965e+00	6.65238373e-01	7.18941275e-01
5987            	-2.68549357e-02	5.38041376e-02	1.38419149e+00	6.65240808e-01	7.18950679e-01
5988            	-2.68504077e-02	5.38040866e-02	1.38426162e+00	6.65280400e-01	7.18981216e-01
5989            	-2.68419065e-02	5.38138130e-02	1.38435144e+00	6.65333815e-01	7.19017628e-01
5990            	-2.68230805e-02	5.38396076e-02	1.38450572e+00	6.65429782e-01	7.19075943e-01
5991            	-2.67987377e-02	5.38748909e-02	1.38468640e+00	6.65544463e-01	7.19141938e-01
5992            	-2.67704388e-02	5.39170218e-02	1.38488213e+00	6.65670625e-01	7.19211502e-01
5993            	-2.67395985e-02	5.39638065e-02	1.38508421e+00	6.65802509e-01	7.19281706e-01
5994            	-2.67074272e-02	5.40134167e-02	1.38528721e+00	6.65936180e-01	7.19351034e-01
5995            	-2.66750411e-02	5.40643265e-02	1.38548787e+00	6.66068893e-01	7.19418975e-01
5996            	-2.66434789e-02	5.41151015e-02	1.38568460e+00	6.66198821e-01	7.19485778e-01
5997            	-2.66136426e-02	5.41644455e-02	1.38587728e+00	6.66324998e-01	7.19552283e-01
5998            	-2.65860208e-02	5.42116079e-02	1.38606780e+00	6.66447880e-01	7.19619922e-01
5999            	-2.65607800e-02	5.42562361e-02	1.38625916e+00	6.66568802e-01	7.19690362e-01
6000            	-2.65377180e-02	5.42985022e-02	1.38645542e+00	6.66689990e-01	7.19765426e-01
6001            	-2.65163459e-02	5.43389744e-02	1.38666111e+00	6.66814209e-01	7.19846900e-01
6002            	-2.64960462e-02	5.43783659e-02	1.38688013e+00	6.66944020e-01	7.19936113e-01
6003            	-2.64761246e-02	5.44174278e-02	1.38711527e+00	6.67081510e-01	7.20033759e-01
6004            	-2.64559226e-02	5.44567990e-02	1.38736806e+00	6.67228109e-01	7.20139954e-01
6005            	-2.64305585e-02	5.45043312e-02	1.38768252e+00	6.67410702e-01	7.20271819e-01
6006            	-2.64045018e-02	5.45514269e-02	1.38800292e+00	6.67596959e-01	7.20405962e-01
6007            	-2.63777536e-02	5.45976027e-02	1.38832425e+00	6.67784372e-01	7.20539879e-01
6008            	-2.63504681e-02	5.46423140e-02	1.38864343e+00	6.67971248e-01	7.20672184e-01
6009            	-2.63229425e-02	5.46849948e-02	1.38895905e+00	6.68156583e-01	7.20802468e-01
6010            	-2.62955600e-02	5.47251422e-02	1.38927111e+00	6.68339993e-01	7.20931113e-01
6011            	-2.62687861e-02	5.47623212e-02	1.38958041e+00	6.68521417e-01	7.21058989e-01
6012            	-2.62429723e-02	5.47962853e-02	1.38988843e+00	6.68701242e-01	7.21187186e-01
6013            	-2.62183848e-02	5.48269026e-02	1.39019681e+00	6.68880022e-01	7.21316792e-01
6014            	-2.61951481e-02	5.48541259e-02	1.39050708e+00	6.69058393e-01	7.21448690e-01
6015            	-2.61732394e-02	5.48779396e-02	1.39082037e+00	6.69236944e-01	7.21583423e-01
6016            	-2.61525392e-02	5.48983052e-02	1.39113731e+00	6.69416116e-01	7.21721195e-01
6017            	-2.61327588e-02	5.49151755e-02	1.39145821e+00	6.69596345e-01	7.21861862e-01
6018            	-2.61135539e-02	5.49284695e-02	1.39178301e+00	6.69777952e-01	7.22005060e-01
6019            	-2.60945792e-02	5.49380287e-02	1.39211128e+00	6.69961059e-01	7.22150218e-01
6020            	-2.60728569e-02	5.49439650e-02	1.39247737e+00	6.70165830e-01	7.22311544e-01
6021            	-2.60539629e-02	5.49464890e-02	1.39279993e+00	6.70346001e-01	7.22453927e-01
6022            	-2.60320864e-02	5.49435965e-02	1.39315615e+00	6.70545986e-01	7.22610159e-01
6023            	-2.60103876e-02	5.49362295e-02	1.39350248e+00	6.70740851e-01	7.22761627e-01
6024            	-2.59890585e-02	5.49239095e-02	1.39383874e+00	6.70930310e-01	7.22908427e-01
6025            	-2.59683392e-02	5.49061270e-02	1.39416652e+00	6.71114920e-01	7.23051598e-01
6026            	-2.59485134e-02	5.48825162e-02	1.39448829e+00	6.71295632e-01	7.23192659e-01
6027            	-2.59297532e-02	5.48530708e-02	1.39480678e+00	6.71473639e-01	7.23333145e-01
6028            	-2.59100304e-02	5.48159910e-02	1.39514845e+00	6.71664197e-01	7.23484257e-01
6029            	-2.58922963e-02	5.47756982e-02	1.39547914e+00	6.71847271e-01	7.23631864e-01
6030            	-2.58766861e-02	5.47324667e-02	1.39579820e+00	6.72022414e-01	7.23775787e-01
6031            	-2.58633187e-02	5.46858936e-02	1.39610655e+00	6.72189956e-01	7.23916594e-01
6032            	-2.58521864e-02	5.46353168e-02	1.39640600e+00	6.72350816e-01	7.24055189e-01
6033            	-2.58433148e-02	5.45799870e-02	1.39669815e+00	6.72505761e-01	7.24192391e-01
6034            	-2.58357028e-02	5.45152950e-02	1.39700235e+00	6.72665472e-01	7.24336878e-01
6035            	-2.58306000e-02	5.44470226e-02	1.39729201e+00	6.72815407e-01	7.24476607e-01
6036            	-2.58279438e-02	5.43747128e-02	1.39756548e+00	6.72954795e-01	7.24610683e-01
6037            	-2.58277154e-02	5.42974822e-02	1.39782260e+00	6.73083583e-01	7.24739014e-01
6038            	-2.58298003e-02	5.42144469e-02	1.39806478e+00	6.73202589e-01	7.24862189e-01
6039            	-2.58340963e-02	5.41249342e-02	1.39829412e+00	6.73312966e-01	7.24981159e-01
6040            	-2.58404165e-02	5.40287442e-02	1.39851291e+00	6.73416040e-01	7.25096873e-01
6041            	-2.58485120e-02	5.39261489e-02	1.39872311e+00	6.73513044e-01	7.25210068e-01
6042            	-2.58580910e-02	5.38177741e-02	1.39892615e+00	6.73604984e-01	7.25321166e-01
6043            	-2.58692328e-02	5.36993046e-02	1.39913131e+00	6.73696421e-01	7.25434887e-01
6044            	-2.58809640e-02	5.35799760e-02	1.39932545e+00	6.73781759e-01	7.25543687e-01
6045            	-2.58924881e-02	5.34654764e-02	1.39950159e+00	6.73858305e-01	7.25643282e-01
6046            	-2.59045688e-02	5.33467184e-02	1.39967378e+00	6.73932322e-01	7.25741459e-01
6047            	-2.59177720e-02	5.32179430e-02	1.39985070e+00	6.74007576e-01	7.25843120e-01
6048            	-2.59309347e-02	5.30889917e-02	1.40002193e+00	6.74080028e-01	7.25941897e-01
6049            	-2.59438302e-02	5.29606119e-02	1.40018773e+00	6.74150036e-01	7.26037696e-01
6050            	-2.59557409e-02	5.28384446e-02	1.40034303e+00	6.74215776e-01	7.26127258e-01
6051            	-2.59682129e-02	5.27079783e-02	1.40050509e+00	6.74284331e-01	7.26220757e-01
6052            	-2.59801144e-02	5.25785756e-02	1.40066582e+00	6.74352796e-01	7.26313025e-01
6053            	-2.59912424e-02	5.24509335e-02	1.40082590e+00	6.74421708e-01	7.26404193e-01
6054            	-2.60014595e-02	5.23253602e-02	1.40098627e+00	6.74491677e-01	7.26494596e-01
6055            	-2.60106897e-02	5.22019310e-02	1.40114800e+00	6.74563309e-01	7.26584689e-01
6056            	-2.60189104e-02	5.20806313e-02	1.40131204e+00	6.74637112e-01	7.26674933e-01
6057            	-2.60261330e-02	5.19614724e-02	1.40147916e+00	6.74713446e-01	7.26765712e-01
6058            	-2.60323994e-02	5.18445247e-02	1.40164970e+00	6.74792450e-01	7.26857249e-01
6059            	-2.60377731e-02	5.17299294e-02	1.40182364e+00	6.74874045e-01	7.26949591e-01
6060            	-2.60423380e-02	5.16178423e-02	1.40200060e+00	6.74957964e-01	7.27042640e-01
6061            	-2.60461938e-02	5.15084147e-02	1.40218001e+00	6.75043812e-01	7.27136199e-01
6062            	-2.60494499e-02	5.14017665e-02	1.40236116e+00	6.75131132e-01	7.27230032e-01
6063            	-2.60526347e-02	5.13012906e-02	1.40253477e+00	6.75214752e-01	7.27320021e-01
6064            	-2.60551550e-02	5.11980793e-02	1.40272137e+00	6.75305530e-01	7.27415840e-01
6065            	-2.60578739e-02	5.11011943e-02	1.40289894e+00	6.75391599e-01	7.27507346e-01
6066            	-2.60604266e-02	5.10057690e-02	1.40307894e+00	6.75479042e-01	7.27599896e-01
6067            	-2.60627996e-02	5.09122692e-02	1.40326066e+00	6.75567530e-01	7.27693129e-01
6068            	-2.60649573e-02	5.08212947e-02	1.40344294e+00	6.75656510e-01	7.27786425e-01
6069            	-2.60668771e-02	5.07333453e-02	1.40362447e+00	6.75745357e-01	7.27879112e-01
6070            	-2.60685713e-02	5.06486924e-02	1.40380413e+00	6.75833495e-01	7.27970638e-01
6071            	-2.60700945e-02	5.05673552e-02	1.40398114e+00	6.75920477e-01	7.28060666e-01
6072            	-2.60715340e-02	5.04891547e-02	1.40415510e+00	6.76006015e-01	7.28149083e-01
6073            	-2.60729928e-02	5.04138006e-02	1.40432592e+00	6.76089967e-01	7.28235952e-01
6074            	-2.60745615e-02	5.03409907e-02	1.40449376e+00	6.76172317e-01	7.28321440e-01
6075            	-2.60763070e-02	5.02704582e-02	1.40465886e+00	6.76253125e-01	7.28405739e-01
6076            	-2.60782602e-02	5.02020107e-02	1.40482150e+00	6.76332488e-01	7.28489008e-01
6077            	-2.60804149e-02	5.01355367e-02	1.40498186e+00	6.76410515e-01	7.28571345e-01
6078            	-2.60827330e-02	5.00709915e-02	1.40514010e+00	6.76487316e-01	7.28652782e-01
6079            	-2.60851622e-02	5.00083603e-02	1.40529627e+00	6.76562973e-01	7.28733297e-01
6080            	-2.60876450e-02	4.99476395e-02	1.40545040e+00	6.76637557e-01	7.28812847e-01
6081            	-2.60901268e-02	4.98888230e-02	1.40560252e+00	6.76711135e-01	7.28891389e-01
6082            	-2.60925692e-02	4.98318811e-02	1.40575265e+00	6.76783757e-01	7.28968896e-01
6083            	-2.60949573e-02	4.97767484e-02	1.40590081e+00	6.76855448e-01	7.29045363e-01
6084            	-2.60972948e-02	4.97233365e-02	1.40604704e+00	6.76926224e-01	7.29120814e-01
6085            	-2.60996022e-02	4.96715425e-02	1.40619137e+00	6.76996081e-01	7.29195286e-01
6086            	-2.61019096e-02	4.96212518e-02	1.40633385e+00	6.77065013e-01	7.29268832e-01
6087            	-2.61042529e-02	4.95723277e-02	1.40647456e+00	6.77133028e-01	7.29341534e-01
6088            	-2.61066691e-02	4.95246288e-02	1.40661361e+00	6.77200138e-01	7.29413476e-01
6089            	-2.61091884e-02	4.94780268e-02	1.40675110e+00	6.77266360e-01	7.29484737e-01
6090            	-2.61118314e-02	4.94324114e-02	1.40688709e+00	6.77331715e-01	7.29555378e-01
6091            	-2.61146070e-02	4.93876890e-02	1.40702169e+00	6.77396237e-01	7.29625451e-01
6092            	-2.61175150e-02	4.93437786e-02	1.40715496e+00	6.77459965e-01	7.29694995e-01
6093            	-2.61205484e-02	4.93006095e-02	1.40728700e+00	6.77522951e-01	7.29764048e-01
6094            	-2.61236955e-02	4.92581192e-02	1.40741789e+00	6.77585251e-01	7.29832642e-01
6095            	-2.61269452e-02	4.92162481e-02	1.40754772e+00	6.77646917e-01	7.29900807e-01
6096            	-2.61302831e-02	4.91749474e-02	1.40767660e+00	6.77708016e-01	7.29968582e-01
6097            	-2.61336988e-02	4.91341675e-02	1.40780461e+00	6.77768606e-01	7.30036003e-01
6098            	-2.61371831e-02	4.90938644e-02	1.40793186e+00	6.77828748e-01	7.30103114e-01
6099            	-2.61407323e-02	4.90539914e-02	1.40805844e+00	6.77888488e-01	7.30169952e-01
6100            	-2.61443424e-02	4.90145104e-02	1.40818443e+00	6.77947873e-01	7.30236558e-01
6101            	-2.61480099e-02	4.89753877e-02	1.40830991e+00	6.78006945e-01	7.30302965e-01
6102            	-2.61517312e-02	4.89365934e-02	1.40843494e+00	6.78065740e-01	7.30369202e-01
6103            	-2.61555013e-02	4.88981001e-02	1.40855959e+00	6.78124293e-01	7.30435295e-01
6104            	-2.61593130e-02	4.88598835e-02	1.40868391e+00	6.78182640e-01	7.30501266e-01
6105            	-2.61631557e-02	4.88219235e-02	1.40880795e+00	6.78240819e-01	7.30567131e-01
6106            	-2.61670152e-02	4.87842049e-02	1.40893178e+00	6.78298873e-01	7.30632903e-01
6107            	-2.61708737e-02	4.87467169e-02	1.40905544e+00	6.78356847e-01	7.30698594e-01
6108            	-2.61747098e-02	4.87094531e-02	1.40917901e+00	6.78414795e-01	7.30764214e-01
6109            	-2.61784997e-02	4.86724104e-02	1.40930255e+00	6.78472773e-01	7.30829772e-01
6110            	-2.61822171e-02	4.86355889e-02	1.40942612e+00	6.78530842e-01	7.30895277e-01
6111            	-2.61858351e-02	4.85989913e-02	1.40954980e+00	6.78589065e-01	7.30960735e-01
6112            	-2.61893260e-02	4.85626234e-02	1.40967365e+00	6.78647501e-01	7.31026153e-01
6113            	-2.61926622e-02	4.85264943e-02	1.40979775e+00	6.78706211e-01	7.31091535e-01
6114            	-2.61958183e-02	4.84906105e-02	1.40992213e+00	6.78765248e-01	7.31156885e-01
6115            	-2.61984036e-02	4.84518866e-02	1.41005730e+00	6.78830248e-01	7.31227055e-01
6116            	-2.62010161e-02	4.84183212e-02	1.41017801e+00	6.78887989e-01	7.31290022e-01
6117            	-2.62034399e-02	4.83847946e-02	1.41029879e+00	6.78945954e-01	7.31352834e-01
6118            	-2.62054667e-02	4.83493033e-02	1.41042718e+00	6.79008124e-01	7.31419057e-01
6119            	-2.62074845e-02	4.83160929e-02	1.41054853e+00	6.79066781e-01	7.31481750e-01
6120            	-2.62088507e-02	4.82795823e-02	1.41068238e+00	6.79132342e-01	7.31550043e-01
6121            	-2.62100402e-02	4.82458622e-02	1.41081026e+00	6.79195088e-01	7.31615168e-01
6122            	-2.62111648e-02	4.82143415e-02	1.41093122e+00	6.79254445e-01	7.31676774e-01
6123            	-2.62114436e-02	4.81795394e-02	1.41106548e+00	6.79321296e-01	7.31744183e-01
6124            	-2.62115291e-02	4.81471386e-02	1.41119453e+00	6.79385736e-01	7.31808794e-01
6125            	-2.62111864e-02	4.81151593e-02	1.41132401e+00	6.79450820e-01	7.31873193e-01
6126            	-2.62103979e-02	4.80834922e-02	1.41145428e+00	6.79516740e-01	7.31937536e-01
6127            	-2.62091440e-02	4.80520908e-02	1.41158560e+00	6.79583655e-01	7.32001943e-01
6128            	-2.62074019e-02	4.80209676e-02	1.41171813e+00	6.79651665e-01	7.32066469e-01
6129            	-2.62047811e-02	4.79890715e-02	1.41185641e+00	6.79723425e-01	7.32132987e-01
6130            	-2.62020580e-02	4.79593164e-02	1.41198931e+00	6.79792596e-01	7.32196712e-01
6131            	-2.61984205e-02	4.79288191e-02	1.41212768e+00	6.79865420e-01	7.32262261e-01
6132            	-2.61947828e-02	4.79001759e-02	1.41226060e+00	6.79935519e-01	7.32325084e-01
6133            	-2.61906811e-02	4.78715968e-02	1.41239475e+00	6.80006695e-01	7.32388057e-01
6134            	-2.61855896e-02	4.78420715e-02	1.41253542e+00	6.80082121e-01	7.32453300e-01
6135            	-2.61805839e-02	4.78142272e-02	1.41267102e+00	6.80154928e-01	7.32516096e-01
6136            	-2.61750574e-02	4.77865255e-02	1.41280823e+00	6.80229060e-01	7.32579175e-01
6137            	-2.61683698e-02	4.77581239e-02	1.41295232e+00	6.80307792e-01	7.32644532e-01
6138            	-2.61618322e-02	4.77314718e-02	1.41309083e+00	6.80383581e-01	7.32707245e-01
6139            	-2.61547350e-02	4.77050892e-02	1.41323062e+00	6.80460573e-01	7.32770043e-01
6140            	-2.61470670e-02	4.76789475e-02	1.41337185e+00	6.80538856e-01	7.32832990e-01
6141            	-2.61388320e-02	4.76530780e-02	1.41351444e+00	6.80618388e-01	7.32896052e-01
6142            	-2.61300512e-02	4.76275301e-02	1.41365814e+00	6.80699019e-01	7.32959122e-01
6143            	-2.61207667e-02	4.76023431e-02	1.41380260e+00	6.80780532e-01	7.33022065e-01
6144            	-2.61110362e-02	4.75775238e-02	1.41394743e+00	6.80862678e-01	7.33084751e-01
6145            	-2.61009249e-02	4.75530531e-02	1.41409230e+00	6.80945226e-01	7.33147076e-01
6146            	-2.60904959e-02	4.75288904e-02	1.41423698e+00	6.81027995e-01	7.33208987e-01
6147            	-2.60810460e-02	4.75056296e-02	1.41437282e+00	6.81105363e-01	7.33267455e-01
6148            	-2.60689071e-02	4.74807424e-02	1.41452600e+00	6.81194095e-01	7.33331909e-01
6149            	-2.60590007e-02	4.74578999e-02	1.41466214e+00	6.81272070e-01	7.33390071e-01
6150            	-2.60463583e-02	4.74336081e-02	1.41481538e+00	6.81361333e-01	7.33454049e-01
6151            	-2.60361072e-02	4.74113080e-02	1.41495087e+00	6.81439327e-01	7.33511541e-01
6152            	-2.60254841e-02	4.73887683e-02	1.41508829e+00	6.81518661e-01	7.33569629e-01
6153            	-2.60144100e-02	4.73660108e-02	1.41522830e+00	6.81599741e-01	7.33628560e-01
6154            	-2.60002958e-02	4.73420943e-02	1.41538647e+00	6.81692938e-01	7.33693529e-01
6155            	-2.59889121e-02	4.73203688e-02	1.41552493e+00	6.81773554e-01	7.33751378e-01
6156            	-2.59773259e-02	4.72986895e-02	1.41566362e+00	6.81854485e-01	7.33809137e-01
6157            	-2.59655705e-02	4.72769227e-02	1.41580289e+00	6.81935876e-01	7.33867017e-01
6158            	-2.59536974e-02	4.72550458e-02	1.41594276e+00	6.82017684e-01	7.33925079e-01
6159            	-2.59417717e-02	4.72331079e-02	1.41608295e+00	6.82099702e-01	7.33983246e-01
6160            	-2.59298661e-02	4.72111840e-02	1.41622296e+00	6.82181616e-01	7.34041348e-01
6161            	-2.59180593e-02	4.71893363e-02	1.41636226e+00	6.82263069e-01	7.34099188e-01
6162            	-2.59064335e-02	4.71675897e-02	1.41650031e+00	6.82343723e-01	7.34156590e-01
6163            	-2.58950675e-02	4.71459331e-02	1.41663674e+00	6.82423303e-01	7.34213438e-01
6164            	-2.58840278e-02	4.71243383e-02	1.41677132e+00	6.82501634e-01	7.34269689e-01
6165            	-2.58733619e-02	4.71027758e-02	1.41690400e+00	6.82578640e-01	7.34325364e-01
6166            	-2.58630944e-02	4.70812270e-02	1.41703487e+00	6.82654338e-01	7.34380527e-01
6167            	-2.58532310e-02	4.70596898e-02	1.41716407e+00	6.82728804e-01	7.34435266e-01
6168            	-2.58437579e-02	4.70381816e-02	1.41729181e+00	6.82802149e-01	7.34489665e-01
6169            	-2.58346494e-02	4.70167278e-02	1.41741829e+00	6.82874494e-01	7.34543793e-01
6170            	-2.58258763e-02	4.69953590e-02	1.41754364e+00	6.82945942e-01	7.34597694e-01
6171            	-2.58174109e-02	4.69741009e-02	1.41766795e+00	6.83016564e-01	7.34651386e-01
6172            	-2.58092352e-02	4.69529684e-02	1.41779125e+00	6.83086388e-01	7.34704858e-01
6173            	-2.58013387e-02	4.69319653e-02	1.41791349e+00	6.83155409e-01	7.34758086e-01
6174            	-2.57937213e-02	4.69110841e-02	1.41803463e+00	6.83223595e-01	7.34811038e-01
6175            	-2.57872881e-02	4.68909673e-02	1.41814767e+00	6.83286545e-01	7.34861121e-01
6176            	-2.57809598e-02	4.68704629e-02	1.41826196e+00	6.83350022e-01	7.34911942e-01
6177            	-2.57737736e-02	4.68490073e-02	1.41838492e+00	6.83418687e-01	7.34966234e-01
6178            	-2.57688928e-02	4.68293145e-02	1.41848924e+00	6.83475726e-01	7.35013511e-01
6179            	-2.57617556e-02	4.68076203e-02	1.41861522e+00	6.83545853e-01	7.35069364e-01
6180            	-2.57569344e-02	4.67879555e-02	1.41872131e+00	6.83603722e-01	7.35117591e-01
6181            	-2.57520574e-02	4.67678892e-02	1.41882977e+00	6.83662828e-01	7.35166943e-01
6182            	-2.57471035e-02	4.67475153e-02	1.41894059e+00	6.83723194e-01	7.35217401e-01
6183            	-2.57420708e-02	4.67270532e-02	1.41905315e+00	6.83784503e-01	7.35268644e-01
6184            	-2.57369883e-02	4.67067365e-02	1.41916639e+00	6.83846207e-01	7.35320183e-01
6185            	-2.57319342e-02	4.66867309e-02	1.41927915e+00	6.83907642e-01	7.35371510e-01
6186            	-2.57269860e-02	4.66670993e-02	1.41939041e+00	6.83968217e-01	7.35422189e-01
6187            	-2.57222607e-02	4.66477829e-02	1.41949935e+00	6.84027412e-01	7.35471934e-01
6188            	-2.57178783e-02	4.66286554e-02	1.41960551e+00	6.84084877e-01	7.35520633e-01
6189            	-2.57139468e-02	4.66095653e-02	1.41970876e+00	6.84140433e-01	7.35568327e-01
6190            	-2.57105438e-02	4.65903796e-02	1.41980922e+00	6.84194066e-01	7.35615154e-01
6191            	-2.57077030e-02	4.65710152e-02	1.41990721e+00	6.84245900e-01	7.35661306e-01
6192            	-2.57054355e-02	4.65514443e-02	1.42000310e+00	6.84296115e-01	7.35706986e-01
6193            	-2.57036737e-02	4.65317030e-02	1.42009734e+00	6.84344995e-01	7.35752342e-01
6194            	-2.57023554e-02	4.65118358e-02	1.42019022e+00	6.84392753e-01	7.35797463e-01
6195            	-2.57014065e-02	4.64919049e-02	1.42028196e+00	6.84439571e-01	7.35842384e-01
6196            	-2.57007580e-02	4.64719664e-02	1.42037267e+00	6.84485576e-01	7.35887092e-01
6197            	-2.57003564e-02	4.64520548e-02	1.42046237e+00	6.84530830e-01	7.35931543e-01
6198            	-2.57001964e-02	4.64321690e-02	1.42055099e+00	6.84575300e-01	7.35975693e-01
6199            	-2.57002418e-02	4.64123038e-02	1.42063845e+00	6.84618984e-01	7.36019467e-01
6200            	-2.57009402e-02	4.63933687e-02	1.42071713e+00	6.84657627e-01	7.36059507e-01
6201            	-2.57015139e-02	4.63726439e-02	1.42080429e+00	6.84700632e-01	7.36103660e-01
6202            	-2.57024109e-02	4.63518523e-02	1.42089015e+00	6.84742662e-01	7.36147484e-01
6203            	-2.57039378e-02	4.63321765e-02	1.42096678e+00	6.84779450e-01	7.36187326e-01
6204            	-2.57056059e-02	4.63106778e-02	1.42105048e+00	6.84819633e-01	7.36230844e-01
6205            	-2.57079115e-02	4.62903431e-02	1.42112468e+00	6.84854428e-01	7.36270251e-01
6206            	-2.57107316e-02	4.62693181e-02	1.42119812e+00	6.84888330e-01	7.36309793e-01
6207            	-2.57141610e-02	4.62475594e-02	1.42127080e+00	6.84921241e-01	7.36349563e-01
6208            	-2.57182011e-02	4.62251583e-02	1.42134253e+00	6.84953064e-01	7.36389466e-01
6209            	-2.57228697e-02	4.62022327e-02	1.42141285e+00	6.84983555e-01	7.36429295e-01
6210            	-2.57281696e-02	4.61789067e-02	1.42148124e+00	6.85012453e-01	7.36468792e-01
6211            	-2.57341278e-02	4.61552632e-02	1.42154720e+00	6.85039473e-01	7.36507729e-01
6212            	-2.57406918e-02	4.61313775e-02	1.42161041e+00	6.85064514e-01	7.36545898e-01
6213            	-2.57478617e-02	4.61072435e-02	1.42167064e+00	6.85087459e-01	7.36583182e-01
6214            	-2.57556438e-02	4.60828187e-02	1.42172782e+00	6.85108264e-01	7.36619552e-01
6215            	-2.57640777e-02	4.60580323e-02	1.42178199e+00	6.85126916e-01	7.36655071e-01
6216            	-2.57731164e-02	4.60328589e-02	1.42183341e+00	6.85143589e-01	7.36689822e-01
6217            	-2.57817347e-02	4.60094563e-02	1.42187721e+00	6.85156870e-01	7.36720340e-01
6218            	-2.57924134e-02	4.59821283e-02	1.42192635e+00	6.85170762e-01	7.36755589e-01
6219            	-2.58025285e-02	4.59568209e-02	1.42196899e+00	6.85181968e-01	7.36787025e-01
6220            	-2.58148913e-02	4.59276626e-02	1.42201627e+00	6.85193246e-01	7.36823028e-01
6221            	-2.58262628e-02	4.59012451e-02	1.42205688e+00	6.85202177e-01	7.36854703e-01
6222            	-2.58383743e-02	4.58739428e-02	1.42209685e+00	6.85210050e-01	7.36886798e-01
6223            	-2.58512435e-02	4.58458113e-02	1.42213601e+00	6.85216763e-01	7.36919250e-01
6224            	-2.58647449e-02	4.58170781e-02	1.42217405e+00	6.85222279e-01	7.36951769e-01
6225            	-2.58787728e-02	4.57879834e-02	1.42221043e+00	6.85226443e-01	7.36983989e-01
6226            	-2.58932356e-02	4.57587352e-02	1.42224470e+00	6.85229112e-01	7.37015583e-01
6227            	-2.59079742e-02	4.57295101e-02	1.42227665e+00	6.85230349e-01	7.37046297e-01
6228            	-2.59229178e-02	4.57003569e-02	1.42230623e+00	6.85230196e-01	7.37076031e-01
6229            	-2.59380512e-02	4.56712472e-02	1.42233357e+00	6.85228735e-01	7.37104838e-01
6230            	-2.59533112e-02	4.56421471e-02	1.42235903e+00	6.85226202e-01	7.37132824e-01
6231            	-2.59687131e-02	4.56129712e-02	1.42238290e+00	6.85222735e-01	7.37160161e-01
6232            	-2.59842967e-02	4.55836433e-02	1.42240549e+00	6.85218450e-01	7.37187043e-01
6233            	-2.60000307e-02	4.55541454e-02	1.42242713e+00	6.85213536e-01	7.37213597e-01
6234            	-2.60159319e-02	4.55244529e-02	1.42244797e+00	6.85208053e-01	7.37239917e-01
6235            	-2.60320195e-02	4.54945707e-02	1.42246808e+00	6.85202023e-01	7.37266062e-01
6236            	-2.60482262e-02	4.54645657e-02	1.42248754e+00	6.85195542e-01	7.37291995e-01
6237            	-2.60645353e-02	4.54344908e-02	1.42250628e+00	6.85188604e-01	7.37317675e-01
6238            	-2.60781678e-02	4.54083666e-02	1.42252348e+00	6.85183571e-01	7.37339906e-01
6239            	-2.60949769e-02	4.53771756e-02	1.42254185e+00	6.85175949e-01	7.37365903e-01
6240            	-2.61119373e-02	4.53459049e-02	1.42255964e+00	6.85167885e-01	7.37391760e-01
6241            	-2.61288529e-02	4.53148970e-02	1.42257649e+00	6.85159393e-01	7.37417099e-01
6242            	-2.61455538e-02	4.52844150e-02	1.42259211e+00	6.85150499e-01	7.37441606e-01
6243            	-2.61591631e-02	4.52585581e-02	1.42260614e+00	6.85143907e-01	7.37462233e-01
6244            	-2.61754618e-02	4.52283936e-02	1.42262039e+00	6.85134731e-01	7.37485655e-01
6245            	-2.61913914e-02	4.51987677e-02	1.42263406e+00	6.85125637e-01	7.37508420e-01
6246            	-2.62042174e-02	4.51736813e-02	1.42264700e+00	6.85119282e-01	7.37527717e-01
6247            	-2.62195284e-02	4.51443965e-02	1.42266057e+00	6.85110757e-01	7.37549814e-01
6248            	-2.62344066e-02	4.51157091e-02	1.42267403e+00	6.85102606e-01	7.37571420e-01
6249            	-2.62463014e-02	4.50915122e-02	1.42268697e+00	6.85097182e-01	7.37589785e-01
6250            	-2.62604241e-02	4.50633814e-02	1.42270072e+00	6.85089938e-01	7.37610786e-01
6251            	-2.62717430e-02	4.50395907e-02	1.42271402e+00	6.85085266e-01	7.37628752e-01
6252            	-2.62852118e-02	4.50118553e-02	1.42272831e+00	6.85078944e-01	7.37649368e-01
6253            	-2.62981701e-02	4.49848602e-02	1.42274244e+00	6.85073052e-01	7.37669392e-01
6254            	-2.63083962e-02	4.49622773e-02	1.42275559e+00	6.85069401e-01	7.37686193e-01
6255            	-2.63183289e-02	4.49397332e-02	1.42276890e+00	6.85066123e-01	7.37702781e-01
6256            	-2.63300791e-02	4.49134390e-02	1.42278341e+00	6.85061628e-01	7.37721786e-01
6257            	-2.63393839e-02	4.48913670e-02	1.42279697e+00	6.85059100e-01	7.37737868e-01
6258            	-2.63502771e-02	4.48658337e-02	1.42281169e+00	6.85055570e-01	7.37756124e-01
6259            	-2.63587920e-02	4.48446282e-02	1.42282518e+00	6.85053797e-01	7.37771381e-01
6260            	-2.63669571e-02	4.48236304e-02	1.42283879e+00	6.85052437e-01	7.37786352e-01
6261            	-2.63763837e-02	4.47994694e-02	1.42285385e+00	6.85050541e-01	7.37803308e-01
6262            	-2.63836432e-02	4.47795988e-02	1.42286747e+00	6.85050093e-01	7.37817380e-01
6263            	-2.63904720e-02	4.47601097e-02	1.42288132e+00	6.85050187e-01	7.37831131e-01
6264            	-2.63969415e-02	4.47408746e-02	1.42289550e+00	6.85050810e-01	7.37844693e-01
6265            	-2.64030803e-02	4.47218588e-02	1.42291017e+00	6.85052006e-01	7.37858166e-01
6266            	-2.64100068e-02	4.47001258e-02	1.42292689e+00	6.85053439e-01	7.37873452e-01
6267            	-2.64152214e-02	4.46825639e-02	1.42294150e+00	6.85055527e-01	7.37885970e-01
6268            	-2.64199959e-02	4.46655861e-02	1.42295594e+00	6.85057976e-01	7.37897968e-01
6269            	-2.64243492e-02	4.46491185e-02	1.42297040e+00	6.85060848e-01	7.37909547e-01
6270            	-2.64283512e-02	4.46330376e-02	1.42298486e+00	6.85064081e-01	7.37920783e-01
6271            	-2.64320105e-02	4.46173120e-02	1.42299950e+00	6.85067737e-01	7.37931759e-01
6272            	-2.64353743e-02	4.46018953e-02	1.42301421e+00	6.85071730e-01	7.37942478e-01
6273            	-2.64384249e-02	4.45868302e-02	1.42302902e+00	6.85076086e-01	7.37952935e-01
6274            	-2.64411917e-02	4.45721258e-02	1.42304374e+00	6.85080679e-01	7.37963063e-01
6275            	-2.64436397e-02	4.45578624e-02	1.42305834e+00	6.85085529e-01	7.37972808e-01
6276            	-2.64458005e-02	4.45440486e-02	1.42307259e+00	6.85090494e-01	7.37982095e-01
6277            	-2.64476485e-02	4.45307421e-02	1.42308648e+00	6.85095594e-01	7.37990891e-01
6278            	-2.64492284e-02	4.45179218e-02	1.42309987e+00	6.85100704e-01	7.37999161e-01
6279            	-2.64505192e-02	4.45056208e-02	1.42311282e+00	6.85105892e-01	7.38006931e-01
6280            	-2.64515831e-02	4.44937681e-02	1.42312527e+00	6.85111052e-01	7.38014218e-01
6281            	-2.64524047e-02	4.44823977e-02	1.42313734e+00	6.85116265e-01	7.38021075e-01
6282            	-2.64530577e-02	4.44714269e-02	1.42314896e+00	6.85121422e-01	7.38027538e-01
6283            	-2.64535392e-02	4.44608490e-02	1.42316025e+00	6.85126586e-01	7.38033664e-01
6284            	-2.64539264e-02	4.44505788e-02	1.42317110e+00	6.85131621e-01	7.38039474e-01
6285            	-2.64542113e-02	4.44406162e-02	1.42318157e+00	6.85136576e-01	7.38044998e-01
6286            	-2.64544649e-02	4.44308936e-02	1.42319151e+00	6.85141293e-01	7.38050222e-01
6287            	-2.64546686e-02	4.44214340e-02	1.42320095e+00	6.85145809e-01	7.38055146e-01
6288            	-2.64548857e-02	4.44121861e-02	1.42320970e+00	6.85149963e-01	7.38059735e-01
6289            	-2.64550843e-02	4.44031788e-02	1.42321779e+00	6.85153812e-01	7.38063980e-01
6290            	-2.64553127e-02	4.43943735e-02	1.42322507e+00	6.85157222e-01	7.38067848e-01
6291            	-2.64555276e-02	4.43858224e-02	1.42323160e+00	6.85160272e-01	7.38071327e-01
6292            	-2.64557744e-02	4.43774893e-02	1.42323723e+00	6.85162841e-01	7.38074389e-01
6293            	-2.64560064e-02	4.43694302e-02	1.42324207e+00	6.85165027e-01	7.38077040e-01
6294            	-2.64562726e-02	4.43616084e-02	1.42324599e+00	6.85166722e-01	7.38079267e-01
6295            	-2.64565301e-02	4.43540727e-02	1.42324912e+00	6.85168032e-01	7.38081092e-01
6296            	-2.64568338e-02	4.43467752e-02	1.42325137e+00	6.85168850e-01	7.38082518e-01
6297            	-2.64573184e-02	4.43401699e-02	1.42325283e+00	6.85169095e-01	7.38083732e-01
6298            	-2.64578899e-02	4.43335082e-02	1.42325361e+00	6.85168916e-01	7.38084696e-01
6299            	-2.64585021e-02	4.43268238e-02	1.42325373e+00	6.85168363e-01	7.38085367e-01
6300            	-2.64591882e-02	4.43201421e-02	1.42325291e+00	6.85167267e-01	7.38085643e-01
6301            	-2.64598838e-02	4.43136170e-02	1.42325116e+00	6.85165695e-01	7.38085462e-01
6302            	-2.64606255e-02	4.43073011e-02	1.42324834e+00	6.85163543e-01	7.38084794e-01
6303            	-2.64613624e-02	4.43012919e-02	1.42324464e+00	6.85160957e-01	7.38083681e-01
6304            	-2.64621498e-02	4.42955439e-02	1.42324004e+00	6.85157872e-01	7.38082171e-01
6305            	-2.64629570e-02	4.42900695e-02	1.42323476e+00	6.85154423e-01	7.38080337e-01
6306            	-2.64638491e-02	4.42847796e-02	1.42322872e+00	6.85150512e-01	7.38078211e-01
6307            	-2.64648020e-02	4.42796729e-02	1.42322205e+00	6.85146221e-01	7.38075825e-01
6308            	-2.64658768e-02	4.42746702e-02	1.42321458e+00	6.85141411e-01	7.38073165e-01
6309            	-2.64670475e-02	4.42697822e-02	1.42320634e+00	6.85136123e-01	7.38070218e-01
6310            	-2.64683667e-02	4.42649456e-02	1.42319715e+00	6.85130210e-01	7.38066943e-01
6311            	-2.64698006e-02	4.42601829e-02	1.42318702e+00	6.85123708e-01	7.38063310e-01
6312            	-2.64713920e-02	4.42554448e-02	1.42317577e+00	6.85116493e-01	7.38059277e-01
6313            	-2.64731002e-02	4.42507657e-02	1.42316346e+00	6.85108630e-01	7.38054830e-01
6314            	-2.64749595e-02	4.42461081e-02	1.42314998e+00	6.85100029e-01	7.38049948e-01
6315            	-2.64769237e-02	4.42415142e-02	1.42313541e+00	6.85090781e-01	7.38044628e-01
6316            	-2.64790198e-02	4.42369570e-02	1.42311967e+00	6.85080816e-01	7.38038856e-01
6317            	-2.64811946e-02	4.42324940e-02	1.42310289e+00	6.85070252e-01	7.38032642e-01
6318            	-2.64834725e-02	4.42281024e-02	1.42308500e+00	6.85059029e-01	7.38025974e-01
6319            	-2.64858025e-02	4.42238372e-02	1.42306612e+00	6.85047255e-01	7.38018860e-01
6320            	-2.64882065e-02	4.42196812e-02	1.42304618e+00	6.85034883e-01	7.38011296e-01
6321            	-2.64906315e-02	4.42156941e-02	1.42302535e+00	6.85022043e-01	7.38003305e-01
6322            	-2.64930939e-02	4.42118689e-02	1.42300366e+00	6.85008737e-01	7.37994925e-01
6323            	-2.64955368e-02	4.42082710e-02	1.42298135e+00	6.84995136e-01	7.37986210e-01
6324            	-2.64979768e-02	4.42048886e-02	1.42295846e+00	6.84981252e-01	7.37977206e-01
6325            	-2.65003572e-02	4.42017816e-02	1.42293524e+00	6.84967263e-01	7.37967977e-01
6326            	-2.65026970e-02	4.41989290e-02	1.42291174e+00	6.84953174e-01	7.37958569e-01
6327            	-2.65049457e-02	4.41963752e-02	1.42288814e+00	6.84939125e-01	7.37949017e-01
6328            	-2.65071326e-02	4.41940772e-02	1.42286435e+00	6.84925044e-01	7.37939310e-01
6329            	-2.65092101e-02	4.41920672e-02	1.42284052e+00	6.84911051e-01	7.37929471e-01
6330            	-2.65111717e-02	4.41903391e-02	1.42281646e+00	6.84897058e-01	7.37919401e-01
6331            	-2.65130665e-02	4.41888205e-02	1.42279203e+00	6.84882949e-01	7.37909082e-01
6332            	-2.65148695e-02	4.41875218e-02	1.42276719e+00	6.84868727e-01	7.37898466e-01
6333            	-2.65166314e-02	4.41863787e-02	1.42274172e+00	6.84854229e-01	7.37887492e-01
6334            	-2.65183170e-02	4.41854244e-02	1.42271573e+00	6.84839549e-01	7.37876183e-01
6335            	-2.65199666e-02	4.41846213e-02	1.42268915e+00	6.84824606e-01	7.37864539e-01
6336            	-2.65215487e-02	4.41840125e-02	1.42266201e+00	6.84809455e-01	7.37852553e-01
6337            	-2.65231022e-02	4.41835669e-02	1.42263432e+00	6.84794059e-01	7.37840263e-01
6338            	-2.65245955e-02	4.41833429e-02	1.42260604e+00	6.84778423e-01	7.37827614e-01
6339            	-2.65260653e-02	4.41833181e-02	1.42257705e+00	6.84762459e-01	7.37814589e-01
6340            	-2.65274732e-02	4.41835465e-02	1.42254751e+00	6.84746283e-01	7.37801229e-01
6341            	-2.65288486e-02	4.41840089e-02	1.42251739e+00	6.84729849e-01	7.37787546e-01
6342            	-2.65301527e-02	4.41847543e-02	1.42248681e+00	6.84713251e-01	7.37773557e-01
6343            	-2.65314096e-02	4.41857587e-02	1.42245576e+00	6.84696472e-01	7.37759291e-01
6344            	-2.65325702e-02	4.41870683e-02	1.42242457e+00	6.84679714e-01	7.37744854e-01
6345            	-2.65336543e-02	4.41886583e-02	1.42239324e+00	6.84662967e-01	7.37730275e-01
6346            	-2.65346224e-02	4.41905632e-02	1.42236191e+00	6.84646331e-01	7.37715576e-01
6347            	-2.65354978e-02	4.41927510e-02	1.42233051e+00	6.84629756e-01	7.37700751e-01
6348            	-2.65362463e-02	4.41952474e-02	1.42229911e+00	6.84613310e-01	7.37685803e-01
6349            	-2.65368974e-02	4.41980100e-02	1.42226762e+00	6.84596914e-01	7.37670709e-01
6350            	-2.65374246e-02	4.42010570e-02	1.42223606e+00	6.84580604e-01	7.37655453e-01
6351            	-2.65378631e-02	4.42043419e-02	1.42220428e+00	6.84564277e-01	7.37640004e-01
6352            	-2.65381932e-02	4.42078791e-02	1.42217230e+00	6.84547955e-01	7.37624342e-01
6353            	-2.65384537e-02	4.42116240e-02	1.42213997e+00	6.84531531e-01	7.37608438e-01
6354            	-2.65386299e-02	4.42155908e-02	1.42210732e+00	6.84515028e-01	7.37592288e-01
6355            	-2.65387611e-02	4.42197400e-02	1.42207425e+00	6.84498362e-01	7.37575884e-01
6356            	-2.65388308e-02	4.42240929e-02	1.42204085e+00	6.84481593e-01	7.37559254e-01
6357            	-2.65388755e-02	4.42286166e-02	1.42200709e+00	6.84464669e-01	7.37542420e-01
6358            	-2.65387769e-02	4.42341828e-02	1.42196779e+00	6.84445119e-01	7.37522672e-01
6359            	-2.65386810e-02	4.42393637e-02	1.42193236e+00	6.84427498e-01	7.37504860e-01
6360            	-2.65385947e-02	4.42443584e-02	1.42189977e+00	6.84411288e-01	7.37488478e-01
6361            	-2.65384763e-02	4.42494243e-02	1.42186877e+00	6.84395911e-01	7.37472864e-01
6362            	-2.65383387e-02	4.42546988e-02	1.42183822e+00	6.84380773e-01	7.37457450e-01
6363            	-2.65381392e-02	4.42603143e-02	1.42180737e+00	6.84365547e-01	7.37441826e-01
6364            	-2.65378899e-02	4.42662871e-02	1.42177560e+00	6.84349910e-01	7.37425690e-01
6365            	-2.65375601e-02	4.42726318e-02	1.42174268e+00	6.84333779e-01	7.37408900e-01
6366            	-2.65371848e-02	4.42792564e-02	1.42170850e+00	6.84317067e-01	7.37391437e-01
6367            	-2.65367624e-02	4.42860890e-02	1.42167334e+00	6.84299905e-01	7.37373430e-01
6368            	-2.65363545e-02	4.42929920e-02	1.42163743e+00	6.84282362e-01	7.37355071e-01
6369            	-2.65359744e-02	4.42999034e-02	1.42160120e+00	6.84264627e-01	7.37336576e-01
6370            	-2.65356450e-02	4.43067818e-02	1.42156495e+00	6.84246829e-01	7.37318119e-01
6371            	-2.65354254e-02	4.43135770e-02	1.42152872e+00	6.84228935e-01	7.37299785e-01
6372            	-2.65353034e-02	4.43203357e-02	1.42149261e+00	6.84211000e-01	7.37281606e-01
6373            	-2.65353058e-02	4.43270703e-02	1.42145645e+00	6.84192921e-01	7.37263533e-01
6374            	-2.65353933e-02	4.43338618e-02	1.42142021e+00	6.84174710e-01	7.37245497e-01
6375            	-2.65355727e-02	4.43407256e-02	1.42138370e+00	6.84156275e-01	7.37227420e-01
6376            	-2.65357942e-02	4.43477203e-02	1.42134695e+00	6.84137679e-01	7.37209267e-01
6377            	-2.65360266e-02	4.43548743e-02	1.42130995e+00	6.84118947e-01	7.37191000e-01
6378            	-2.65362931e-02	4.43621450e-02	1.42127262e+00	6.84100017e-01	7.37172603e-01
6379            	-2.65365656e-02	4.43695381e-02	1.42123506e+00	6.84080964e-01	7.37154095e-01
6380            	-2.65368804e-02	4.43769913e-02	1.42119720e+00	6.84061719e-01	7.37135480e-01
6381            	-2.65372218e-02	4.43845000e-02	1.42115912e+00	6.84042341e-01	7.37116784e-01
6382            	-2.65376335e-02	4.43920000e-02	1.42112078e+00	6.84022754e-01	7.37098021e-01
6383            	-2.65381029e-02	4.43994941e-02	1.42108223e+00	6.84003013e-01	7.37079219e-01
6384            	-2.65386334e-02	4.44069768e-02	1.42104349e+00	6.83983113e-01	7.37060380e-01
6385            	-2.65392780e-02	4.44143939e-02	1.42100443e+00	6.83962938e-01	7.37041494e-01
6386            	-2.65400243e-02	4.44217666e-02	1.42096507e+00	6.83942509e-01	7.37022557e-01
6387            	-2.65409129e-02	4.44290571e-02	1.42092527e+00	6.83921724e-01	7.37003550e-01
6388            	-2.65419179e-02	4.44362987e-02	1.42088511e+00	6.83900635e-01	7.36984471e-01
6389            	-2.65430682e-02	4.44434673e-02	1.42084445e+00	6.83879159e-01	7.36965296e-01
6390            	-2.65443299e-02	4.44506084e-02	1.42080337e+00	6.83857354e-01	7.36946014e-01
6391            	-2.65456818e-02	4.44577409e-02	1.42076191e+00	6.83835275e-01	7.36926638e-01
6392            	-2.65471581e-02	4.44648276e-02	1.42072002e+00	6.83812852e-01	7.36907168e-01
6393            	-2.65487247e-02	4.44718966e-02	1.42067783e+00	6.83790192e-01	7.36887641e-01
6394            	-2.65503635e-02	4.44789623e-02	1.42063541e+00	6.83767343e-01	7.36868070e-01
6395            	-2.65521148e-02	4.44859777e-02	1.42059267e+00	6.83744222e-01	7.36848451e-01
6396            	-2.65539485e-02	4.44929662e-02	1.42054971e+00	6.83720905e-01	7.36828802e-01
6397            	-2.65559024e-02	4.44998919e-02	1.42050636e+00	6.83697278e-01	7.36809082e-01
6398            	-2.65579382e-02	4.45067502e-02	1.42046287e+00	6.83673498e-01	7.36789375e-01
6399            	-2.65600396e-02	4.45135396e-02	1.42041928e+00	6.83649602e-01	7.36769681e-01
6400            	-2.65622545e-02	4.45201891e-02	1.42037547e+00	6.83625480e-01	7.36749989e-01
6401            	-2.65645614e-02	4.45266815e-02	1.42033152e+00	6.83601201e-01	7.36730324e-01
6402            	-2.65669115e-02	4.45329923e-02	1.42028781e+00	6.83576994e-01	7.36710817e-01
6403            	-2.65692917e-02	4.45391480e-02	1.42024442e+00	6.83552917e-01	7.36691500e-01
6404            	-2.65716644e-02	4.45452700e-02	1.42020109e+00	6.83528879e-01	7.36672207e-01
6405            	-2.65740882e-02	4.45514107e-02	1.42015714e+00	6.83504479e-01	7.36652656e-01
6406            	-2.65769947e-02	4.45582414e-02	1.42010725e+00	6.83476632e-01	7.36630621e-01
6407            	-2.65799486e-02	4.45648387e-02	1.42005743e+00	6.83448764e-01	7.36608662e-01
6408            	-2.65825504e-02	4.45705743e-02	1.42001290e+00	6.83423900e-01	7.36589001e-01
6409            	-2.65856198e-02	4.45768365e-02	1.41996394e+00	6.83396351e-01	7.36567591e-01
6410            	-2.65886684e-02	4.45829058e-02	1.41991618e+00	6.83369421e-01	7.36546758e-01
6411            	-2.65917344e-02	4.45887919e-02	1.41986940e+00	6.83342964e-01	7.36526433e-01
6412            	-2.65951463e-02	4.45948457e-02	1.41982005e+00	6.83314877e-01	7.36505170e-01
6413            	-2.65983988e-02	4.46006369e-02	1.41977288e+00	6.83288042e-01	7.36484839e-01
6414            	-2.66015637e-02	4.46062170e-02	1.41972708e+00	6.83261978e-01	7.36465105e-01
6415            	-2.66046624e-02	4.46117257e-02	1.41968175e+00	6.83236211e-01	7.36445536e-01
6416            	-2.66077302e-02	4.46172462e-02	1.41963606e+00	6.83210299e-01	7.36425759e-01
6417            	-2.66108903e-02	4.46227610e-02	1.41958902e+00	6.83183620e-01	7.36405401e-01
6418            	-2.66141617e-02	4.46282679e-02	1.41954043e+00	6.83156054e-01	7.36384377e-01
6419            	-2.66175603e-02	4.46337245e-02	1.41949038e+00	6.83127632e-01	7.36362752e-01
6420            	-2.66215752e-02	4.46393426e-02	1.41943503e+00	6.83095940e-01	7.36339091e-01
6421            	-2.66252511e-02	4.46443326e-02	1.41938400e+00	6.83066747e-01	7.36317250e-01
6422            	-2.66289910e-02	4.46492091e-02	1.41933324e+00	6.83037631e-01	7.36295613e-01
6423            	-2.66327939e-02	4.46539938e-02	1.41928294e+00	6.83008676e-01	7.36274264e-01
6424            	-2.66365975e-02	4.46587851e-02	1.41923314e+00	6.82979973e-01	7.36253168e-01
6425            	-2.66403701e-02	4.46636417e-02	1.41918365e+00	6.82951454e-01	7.36232194e-01
6426            	-2.66441559e-02	4.46685324e-02	1.41913404e+00	6.82922864e-01	7.36211176e-01
6427            	-2.66479347e-02	4.46734739e-02	1.41908411e+00	6.82894122e-01	7.36189992e-01
6428            	-2.66517051e-02	4.46784452e-02	1.41903371e+00	6.82865152e-01	7.36168562e-01
6429            	-2.66555244e-02	4.46833563e-02	1.41898268e+00	6.82835815e-01	7.36146863e-01
6430            	-2.66593735e-02	4.46881956e-02	1.41893115e+00	6.82806201e-01	7.36124948e-01
6431            	-2.66632416e-02	4.46929483e-02	1.41887929e+00	6.82776401e-01	7.36102885e-01
6432            	-2.66671707e-02	4.46975576e-02	1.41882716e+00	6.82746407e-01	7.36080749e-01
6433            	-2.66711218e-02	4.47020593e-02	1.41877502e+00	6.82716390e-01	7.36058633e-01
6434            	-2.66750659e-02	4.47064852e-02	1.41872306e+00	6.82686465e-01	7.36036597e-01
6435            	-2.66790336e-02	4.47108165e-02	1.41867123e+00	6.82656583e-01	7.36014650e-01
6436            	-2.66829823e-02	4.47151100e-02	1.41861963e+00	6.82626831e-01	7.35992796e-01
6437            	-2.66868882e-02	4.47194005e-02	1.41856822e+00	6.82597220e-01	7.35970997e-01
6438            	-2.66907895e-02	4.47236557e-02	1.41851683e+00	6.82567623e-01	7.35949202e-01
6439            	-2.66946561e-02	4.47279093e-02	1.41846544e+00	6.82538066e-01	7.35927378e-01
6440            	-2.66984759e-02	4.47321701e-02	1.41841403e+00	6.82508538e-01	7.35905490e-01
6441            	-2.67022959e-02	4.47363847e-02	1.41836244e+00	6.82478922e-01	7.35883514e-01
6442            	-2.67060893e-02	4.47405740e-02	1.41831076e+00	6.82449288e-01	7.35861467e-01
6443            	-2.67098469e-02	4.47447441e-02	1.41825901e+00	6.82419659e-01	7.35839353e-01
6444            	-2.67136173e-02	4.47488477e-02	1.41820711e+00	6.82389938e-01	7.35817173e-01
6445            	-2.67173722e-02	4.47529151e-02	1.41815517e+00	6.82360215e-01	7.35794959e-01
6446            	-2.67210974e-02	4.47569621e-02	1.41810326e+00	6.82330534e-01	7.35772728e-01
6447            	-2.67248348e-02	4.47609512e-02	1.41805130e+00	6.82300815e-01	7.35750485e-01
6448            	-2.67285504e-02	4.47649194e-02	1.41799940e+00	6.82271151e-01	7.35728252e-01
6449            	-2.67322260e-02	4.47688853e-02	1.41794761e+00	6.82241579e-01	7.35706031e-01
6450            	-2.67359003e-02	4.47728111e-02	1.41789582e+00	6.82212012e-01	7.35683812e-01
6451            	-2.67395357e-02	4.47767322e-02	1.41784414e+00	6.82182535e-01	7.35661606e-01
6452            	-2.67431128e-02	4.47806641e-02	1.41779258e+00	6.82153177e-01	7.35639403e-01
6453            	-2.67466726e-02	4.47845639e-02	1.41774103e+00	6.82123842e-01	7.35617187e-01
6454            	-2.67501819e-02	4.47884609e-02	1.41768957e+00	6.82094603e-01	7.35594967e-01
6455            	-2.67536282e-02	4.47923638e-02	1.41763822e+00	6.82065480e-01	7.35572737e-01
6456            	-2.67570571e-02	4.47962270e-02	1.41758686e+00	6.82036372e-01	7.35550486e-01
6457            	-2.67604386e-02	4.48000795e-02	1.41753558e+00	6.82007351e-01	7.35528229e-01
6458            	-2.67637623e-02	4.48039316e-02	1.41748440e+00	6.81978440e-01	7.35505965e-01
6459            	-2.67670740e-02	4.48077414e-02	1.41743323e+00	6.81949539e-01	7.35483687e-01
6460            	-2.67703424e-02	4.48115415e-02	1.41738214e+00	6.81920729e-01	7.35461414e-01
6461            	-2.67735555e-02	4.48153450e-02	1.41733118e+00	6.81892036e-01	7.35439147e-01
6462            	-2.67767566e-02	4.48191134e-02	1.41728024e+00	6.81863366e-01	7.35416879e-01
6463            	-2.67799119e-02	4.48228815e-02	1.41722943e+00	6.81834803e-01	7.35394627e-01
6464            	-2.67830082e-02	4.48266635e-02	1.41717876e+00	6.81806370e-01	7.35372387e-01
6465            	-2.67860881e-02	4.48304200e-02	1.41712812e+00	6.81777973e-01	7.35350149e-01
6466            	-2.67891173e-02	4.48341845e-02	1.41707763e+00	6.81749696e-01	7.35327930e-01
6467            	-2.67920829e-02	4.48379680e-02	1.41702729e+00	6.81721563e-01	7.35305728e-01
6468            	-2.67950279e-02	4.48417298e-02	1.41697702e+00	6.81693480e-01	7.35283536e-01
6469            	-2.67979197e-02	4.48455008e-02	1.41692689e+00	6.81665524e-01	7.35261364e-01
6470            	-2.68007488e-02	4.48492900e-02	1.41687691e+00	6.81637707e-01	7.35239205e-01
6471            	-2.68035600e-02	4.48530552e-02	1.41682698e+00	6.81609928e-01	7.35217048e-01
6472            	-2.68063210e-02	4.48568265e-02	1.41677717e+00	6.81582266e-01	7.35194908e-01
6473            	-2.68090229e-02	4.48606121e-02	1.41672751e+00	6.81554732e-01	7.35172778e-01
6474            	-2.68117103e-02	4.48643709e-02	1.41667788e+00	6.81527228e-01	7.35150649e-01
6475            	-2.68143505e-02	4.48681339e-02	1.41662837e+00	6.81499835e-01	7.35128536e-01
6476            	-2.68169338e-02	4.48719093e-02	1.41657901e+00	6.81472571e-01	7.35106439e-01
6477            	-2.68195028e-02	4.48756578e-02	1.41652971e+00	6.81445350e-01	7.35084355e-01
6478            	-2.68220224e-02	4.48794122e-02	1.41648056e+00	6.81418259e-01	7.35062304e-01
6479            	-2.68244816e-02	4.48831822e-02	1.41643162e+00	6.81391327e-01	7.35040290e-01
6480            	-2.68269220e-02	4.48869301e-02	1.41638278e+00	6.81364466e-01	7.35018310e-01
6481            	-2.68293093e-02	4.48906890e-02	1.41633413e+00	6.81337756e-01	7.34996374e-01
6482            	-2.68316347e-02	4.48944680e-02	1.41628569e+00	6.81311209e-01	7.34974478e-01
6483            	-2.68338955e-02	4.48982700e-02	1.41623744e+00	6.81284825e-01	7.34952616e-01
6484            	-2.68361406e-02	4.49020507e-02	1.41618928e+00	6.81258500e-01	7.34930781e-01
6485            	-2.68383401e-02	4.49058388e-02	1.41614128e+00	6.81232302e-01	7.34908982e-01
6486            	-2.68404885e-02	4.49096400e-02	1.41609345e+00	6.81206234e-01	7.34887211e-01
6487            	-2.68426314e-02	4.49134129e-02	1.41604566e+00	6.81180198e-01	7.34865461e-01
6488            	-2.68447350e-02	4.49171884e-02	1.41599802e+00	6.81154274e-01	7.34843744e-01
6489            	-2.68467907e-02	4.49209735e-02	1.41595054e+00	6.81128478e-01	7.34822059e-01
6490            	-2.68487962e-02	4.49247703e-02	1.41590322e+00	6.81102813e-01	7.34800405e-01
6491            	-2.68508011e-02	4.49285339e-02	1.41585596e+00	6.81077178e-01	7.34778780e-01
6492            	-2.68527733e-02	4.49322943e-02	1.41580885e+00	6.81051651e-01	7.34757197e-01
6493            	-2.68547032e-02	4.49360594e-02	1.41576191e+00	6.81026250e-01	7.34735657e-01
6494            	-2.68565868e-02	4.49398327e-02	1.41571515e+00	6.81000986e-01	7.34714160e-01
6495            	-2.68584706e-02	4.49435728e-02	1.41566847e+00	6.80975762e-01	7.34692703e-01
6496            	-2.68603173e-02	4.49473133e-02	1.41562197e+00	6.80950667e-01	7.34671302e-01
6497            	-2.68621155e-02	4.49510633e-02	1.41557568e+00	6.80925724e-01	7.34649955e-01
6498            	-2.68638598e-02	4.49548272e-02	1.41552961e+00	6.80900944e-01	7.34628664e-01
6499            	-2.68649929e-02	4.49582286e-02	1.41549350e+00	6.80881757e-01	7.34611743e-01
6500            	-2.68667984e-02	4.49623988e-02	1.41544392e+00	6.80855162e-01	7.34588758e-01
6501            	-2.68685940e-02	4.49664480e-02	1.41539418e+00	6.80828494e-01	7.34565682e-01
6502            	-2.68703689e-02	4.49702864e-02	1.41534518e+00	6.80802223e-01	7.34542961e-01
6503            	-2.68721598e-02	4.49738737e-02	1.41529740e+00	6.80776540e-01	7.34520860e-01
6504            	-2.68732995e-02	4.49770451e-02	1.41526112e+00	6.80757260e-01	7.34503859e-01
6505            	-2.68750995e-02	4.49808536e-02	1.41521234e+00	6.80731072e-01	7.34481271e-01
6506            	-2.68768513e-02	4.49845865e-02	1.41516427e+00	6.80705286e-01	7.34458988e-01
6507            	-2.68785807e-02	4.49881774e-02	1.41511734e+00	6.80680087e-01	7.34437249e-01
6508            	-2.68796470e-02	4.49913939e-02	1.41508166e+00	6.80661181e-01	7.34420475e-01
6509            	-2.68812988e-02	4.49953054e-02	1.41503368e+00	6.80635541e-01	7.34398139e-01
6510            	-2.68823022e-02	4.49987849e-02	1.41499651e+00	6.80615954e-01	7.34380558e-01
6511            	-2.68839365e-02	4.50028997e-02	1.41494646e+00	6.80589293e-01	7.34357166e-01
6512            	-2.68855246e-02	4.50067689e-02	1.41489751e+00	6.80563232e-01	7.34334282e-01
6513            	-2.68864916e-02	4.50100538e-02	1.41486063e+00	6.80543821e-01	7.34316804e-01
6514            	-2.68880352e-02	4.50138748e-02	1.41481188e+00	6.80517905e-01	7.34293976e-01
6515            	-2.68890155e-02	4.50171341e-02	1.41477482e+00	6.80498392e-01	7.34276423e-01
6516            	-2.68905954e-02	4.50209382e-02	1.41472565e+00	6.80472231e-01	7.34253422e-01
6517            	-2.68921261e-02	4.50245201e-02	1.41467816e+00	6.80446953e-01	7.34231205e-01
6518            	-2.68930455e-02	4.50276187e-02	1.41464272e+00	6.80428316e-01	7.34214407e-01
6519            	-2.68940056e-02	4.50309184e-02	1.41460581e+00	6.80408900e-01	7.34196911e-01
6520            	-2.68955360e-02	4.50348517e-02	1.41455638e+00	6.80382656e-01	7.34173728e-01
6521            	-2.68970048e-02	4.50385441e-02	1.41450845e+00	6.80357221e-01	7.34151230e-01
6522            	-2.68978736e-02	4.50416695e-02	1.41447272e+00	6.80338486e-01	7.34134233e-01
6523            	-2.68987732e-02	4.50449393e-02	1.41443577e+00	6.80319110e-01	7.34116656e-01
6524            	-2.69002091e-02	4.50487840e-02	1.41438667e+00	6.80293128e-01	7.34093546e-01
6525            	-2.69010707e-02	4.50520238e-02	1.41434953e+00	6.80273695e-01	7.34075837e-01
6526            	-2.69024504e-02	4.50557472e-02	1.41430089e+00	6.80247995e-01	7.34052896e-01
6527            	-2.69033081e-02	4.50588268e-02	1.41426450e+00	6.80228941e-01	7.34035557e-01
6528            	-2.69045004e-02	4.50622392e-02	1.41422052e+00	6.80205757e-01	7.34014758e-01
6529            	-2.69054119e-02	4.50654356e-02	1.41418202e+00	6.80185597e-01	7.33996420e-01
6530            	-2.69063129e-02	4.50687237e-02	1.41414311e+00	6.80165242e-01	7.33977867e-01
6531            	-2.69072403e-02	4.50720430e-02	1.41410388e+00	6.80144699e-01	7.33959179e-01
6532            	-2.69086770e-02	4.50757433e-02	1.41405422e+00	6.80118432e-01	7.33935786e-01
6533            	-2.69095239e-02	4.50787446e-02	1.41401791e+00	6.80099430e-01	7.33918478e-01
6534            	-2.69106608e-02	4.50819954e-02	1.41397503e+00	6.80076853e-01	7.33898175e-01
6535            	-2.69115484e-02	4.50849561e-02	1.41393807e+00	6.80057488e-01	7.33880584e-01
6536            	-2.69124201e-02	4.50879942e-02	1.41390088e+00	6.80038018e-01	7.33862858e-01
6537            	-2.69132640e-02	4.50911274e-02	1.41386325e+00	6.80018363e-01	7.33844891e-01
6538            	-2.69143920e-02	4.50945645e-02	1.41381833e+00	6.79994775e-01	7.33823559e-01
6539            	-2.69152702e-02	4.50976290e-02	1.41377952e+00	6.79974490e-01	7.33805031e-01
6540            	-2.69161289e-02	4.51006603e-02	1.41374118e+00	6.79954459e-01	7.33786717e-01
6541            	-2.69169598e-02	4.51036791e-02	1.41370329e+00	6.79934686e-01	7.33768606e-01
6542            	-2.69180755e-02	4.51069002e-02	1.41365896e+00	6.79911403e-01	7.33747554e-01
6543            	-2.69189063e-02	4.51097768e-02	1.41362136e+00	6.79891776e-01	7.33729588e-01
6544            	-2.69197595e-02	4.51125972e-02	1.41358440e+00	6.79872442e-01	7.33711961e-01
6545            	-2.69205977e-02	4.51154309e-02	1.41354786e+00	6.79853331e-01	7.33694526e-01
6546            	-2.69214168e-02	4.51183105e-02	1.41351128e+00	6.79834224e-01	7.33677058e-01
6547            	-2.69225199e-02	4.51214345e-02	1.41346772e+00	6.79811342e-01	7.33656382e-01
6548            	-2.69233479e-02	4.51242223e-02	1.41343048e+00	6.79791893e-01	7.33638589e-01
6549            	-2.69241971e-02	4.51269582e-02	1.41339350e+00	6.79772553e-01	7.33620947e-01
6550            	-2.69250281e-02	4.51296891e-02	1.41335687e+00	6.79753405e-01	7.33603461e-01
6551            	-2.69258352e-02	4.51324359e-02	1.41332039e+00	6.79734361e-01	7.33586032e-01
6552            	-2.69266230e-02	4.51352040e-02	1.41328382e+00	6.79715287e-01	7.33568533e-01
6553            	-2.69277369e-02	4.51381247e-02	1.41324031e+00	6.79692418e-01	7.33547892e-01
6554            	-2.69285904e-02	4.51406852e-02	1.41320344e+00	6.79673130e-01	7.33530311e-01
6555            	-2.69294267e-02	4.51432077e-02	1.41316722e+00	6.79654186e-01	7.33513039e-01
6556            	-2.69302367e-02	4.51457254e-02	1.41313163e+00	6.79635580e-01	7.33496054e-01
6557            	-2.69310225e-02	4.51482633e-02	1.41309640e+00	6.79617177e-01	7.33479222e-01
6558            	-2.69318334e-02	4.51507965e-02	1.41306109e+00	6.79598710e-01	7.33462377e-01
6559            	-2.69326459e-02	4.51533469e-02	1.41302548e+00	6.79580095e-01	7.33445387e-01
6560            	-2.69334605e-02	4.51559010e-02	1.41298943e+00	6.79561255e-01	7.33428176e-01
6561            	-2.69345710e-02	4.51585886e-02	1.41294651e+00	6.79538683e-01	7.33407825e-01
6562            	-2.69354221e-02	4.51609152e-02	1.41291025e+00	6.79519704e-01	7.33390548e-01
6563            	-2.69363037e-02	4.51631469e-02	1.41287468e+00	6.79501038e-01	7.33373646e-01
6564            	-2.69371713e-02	4.51653516e-02	1.41283997e+00	6.79482812e-01	7.33357154e-01
6565            	-2.69380135e-02	4.51675716e-02	1.41280588e+00	6.79464925e-01	7.33340952e-01
6566            	-2.69388301e-02	4.51698305e-02	1.41277203e+00	6.79447183e-01	7.33324843e-01
6567            	-2.69396292e-02	4.51721288e-02	1.41273803e+00	6.79429387e-01	7.33308645e-01
6568            	-2.69404618e-02	4.51744148e-02	1.41270355e+00	6.79411312e-01	7.33292235e-01
6569            	-2.69413071e-02	4.51766871e-02	1.41266854e+00	6.79392963e-01	7.33275577e-01
6570            	-2.69424533e-02	4.51790365e-02	1.41262696e+00	6.79371024e-01	7.33255931e-01
6571            	-2.69433437e-02	4.51810564e-02	1.41259185e+00	6.79352579e-01	7.33239267e-01
6572            	-2.69442266e-02	4.51830104e-02	1.41255750e+00	6.79334525e-01	7.33222978e-01
6573            	-2.69451337e-02	4.51849033e-02	1.41252392e+00	6.79316824e-01	7.33207091e-01
6574            	-2.69460304e-02	4.51867987e-02	1.41249093e+00	6.79299436e-01	7.33191497e-01
6575            	-2.69469137e-02	4.51887216e-02	1.41245818e+00	6.79282178e-01	7.33176005e-01
6576            	-2.69477872e-02	4.51906751e-02	1.41242530e+00	6.79264860e-01	7.33160435e-01
6577            	-2.69486594e-02	4.51926434e-02	1.41239201e+00	6.79247345e-01	7.33144664e-01
6578            	-2.69495787e-02	4.51945668e-02	1.41235813e+00	6.79229488e-01	7.33128646e-01
6579            	-2.69505221e-02	4.51964427e-02	1.41232378e+00	6.79211369e-01	7.33112414e-01
6580            	-2.69514872e-02	4.51982524e-02	1.41228912e+00	6.79193071e-01	7.33096046e-01
6581            	-2.69524727e-02	4.51999844e-02	1.41225435e+00	6.79174705e-01	7.33079650e-01
6582            	-2.69534781e-02	4.52016363e-02	1.41221972e+00	6.79156382e-01	7.33063338e-01
6583            	-2.69545403e-02	4.52031831e-02	1.41218532e+00	6.79138120e-01	7.33047200e-01
6584            	-2.69556240e-02	4.52046664e-02	1.41215135e+00	6.79120050e-01	7.33031298e-01
6585            	-2.69567158e-02	4.52061098e-02	1.41211786e+00	6.79102212e-01	7.33015644e-01
6586            	-2.69578049e-02	4.52075338e-02	1.41208482e+00	6.79084604e-01	7.33000214e-01
6587            	-2.69588838e-02	4.52089529e-02	1.41205215e+00	6.79067194e-01	7.32984961e-01
6588            	-2.69599852e-02	4.52103440e-02	1.41201969e+00	6.79049862e-01	7.32969832e-01
6589            	-2.69610757e-02	4.52117346e-02	1.41198741e+00	6.79032630e-01	7.32954781e-01
6590            	-2.69621465e-02	4.52131265e-02	1.41195523e+00	6.79015470e-01	7.32939763e-01
6591            	-2.69631946e-02	4.52145148e-02	1.41192310e+00	6.78998357e-01	7.32924746e-01
6592            	-2.69642227e-02	4.52158901e-02	1.41189099e+00	6.78981272e-01	7.32909717e-01
6593            	-2.69652387e-02	4.52172401e-02	1.41185887e+00	6.78964199e-01	7.32894676e-01
6594            	-2.69662891e-02	4.52185225e-02	1.41182669e+00	6.78947057e-01	7.32879635e-01
6595            	-2.69673526e-02	4.52197542e-02	1.41179454e+00	6.78929917e-01	7.32864622e-01
6596            	-2.69684279e-02	4.52209358e-02	1.41176246e+00	6.78912801e-01	7.32849657e-01
6597            	-2.69695158e-02	4.52220682e-02	1.41173048e+00	6.78895726e-01	7.32834758e-01
6598            	-2.69706188e-02	4.52231528e-02	1.41169864e+00	6.78878699e-01	7.32819936e-01
6599            	-2.69717401e-02	4.52241912e-02	1.41166692e+00	6.78861720e-01	7.32805200e-01
6600            	-2.69729190e-02	4.52251550e-02	1.41163526e+00	6.78844712e-01	7.32790550e-01
6601            	-2.69741247e-02	4.52260732e-02	1.41160373e+00	6.78827742e-01	7.32775991e-01
6602            	-2.69753457e-02	4.52269555e-02	1.41157234e+00	6.78810825e-01	7.32761516e-01
6603            	-2.69765726e-02	4.52278093e-02	1.41154108e+00	6.78793968e-01	7.32747113e-01
6604            	-2.69777992e-02	4.52286383e-02	1.41150995e+00	6.78777175e-01	7.32732774e-01
6605            	-2.69790229e-02	4.52294433e-02	1.41147893e+00	6.78760443e-01	7.32718488e-01
6606            	-2.69802792e-02	4.52301937e-02	1.41144795e+00	6.78743694e-01	7.32704253e-01
6607            	-2.69815381e-02	4.52309132e-02	1.41141707e+00	6.78726996e-01	7.32690072e-01
6608            	-2.69827911e-02	4.52316065e-02	1.41138630e+00	6.78710361e-01	7.32675944e-01
6609            	-2.69840342e-02	4.52322752e-02	1.41135566e+00	6.78693795e-01	7.32661863e-01
6610            	-2.69852681e-02	4.52329183e-02	1.41132513e+00	6.78677296e-01	7.32647832e-01
6611            	-2.69864965e-02	4.52335335e-02	1.41129471e+00	6.78660858e-01	7.32633851e-01
6612            	-2.69877595e-02	4.52340895e-02	1.41126433e+00	6.78644405e-01	7.32619924e-01
6613            	-2.69890325e-02	4.52346089e-02	1.41123406e+00	6.78627996e-01	7.32606061e-01
6614            	-2.69903104e-02	4.52350962e-02	1.41120390e+00	6.78611639e-01	7.32592260e-01
6615            	-2.69915913e-02	4.52355539e-02	1.41117386e+00	6.78595337e-01	7.32578519e-01
6616            	-2.69928764e-02	4.52359842e-02	1.41114387e+00	6.78579061e-01	7.32564814e-01
6617            	-2.69941654e-02	4.52363845e-02	1.41111401e+00	6.78562842e-01	7.32551173e-01
6618            	-2.69954947e-02	4.52367265e-02	1.41108420e+00	6.78546605e-01	7.32537595e-01
6619            	-2.69968368e-02	4.52370340e-02	1.41105449e+00	6.78530410e-01	7.32524084e-01
6620            	-2.69981850e-02	4.52373122e-02	1.41102490e+00	6.78514263e-01	7.32510633e-01
6621            	-2.69995346e-02	4.52375642e-02	1.41099540e+00	6.78498168e-01	7.32497237e-01
6622            	-2.70008834e-02	4.52377916e-02	1.41096601e+00	6.78482122e-01	7.32483889e-01
6623            	-2.70022317e-02	4.52379940e-02	1.41093670e+00	6.78466121e-01	7.32470584e-01
6624            	-2.70036146e-02	4.52381431e-02	1.41090741e+00	6.78450092e-01	7.32457321e-01
6625            	-2.70050051e-02	4.52382618e-02	1.41087821e+00	6.78434098e-01	7.32444108e-01
6626            	-2.70063966e-02	4.52383546e-02	1.41084909e+00	6.78418148e-01	7.32430941e-01
6627            	-2.70077847e-02	4.52384241e-02	1.41082007e+00	6.78402252e-01	7.32417822e-01
6628            	-2.70091679e-02	4.52384714e-02	1.41079116e+00	6.78386414e-01	7.32404749e-01
6629            	-2.70105472e-02	4.52384965e-02	1.41076236e+00	6.78370631e-01	7.32391726e-01
6630            	-2.70119248e-02	4.52384982e-02	1.41073365e+00	6.78354901e-01	7.32378751e-01
6631            	-2.70133371e-02	4.52384485e-02	1.41070498e+00	6.78339152e-01	7.32365826e-01
6632            	-2.70147574e-02	4.52383712e-02	1.41067640e+00	6.78323444e-01	7.32352959e-01
6633            	-2.70161779e-02	4.52382719e-02	1.41064794e+00	6.78307791e-01	7.32340147e-01
6634            	-2.70175939e-02	4.52381543e-02	1.41061958e+00	6.78292198e-01	7.32327386e-01
6635            	-2.70190036e-02	4.52380199e-02	1.41059134e+00	6.78276667e-01	7.32314674e-01
6636            	-2.70204080e-02	4.52378683e-02	1.41056320e+00	6.78261192e-01	7.32302008e-01
6637            	-2.70218100e-02	4.52376978e-02	1.41053515e+00	6.78245765e-01	7.32289385e-01
6638            	-2.70232467e-02	4.52374794e-02	1.41050711e+00	6.78230310e-01	7.32276804e-01
6639            	-2.70250446e-02	4.52370176e-02	1.41047462e+00	6.78212264e-01	7.32262353e-01
6640            	-2.70264747e-02	4.52367054e-02	1.41044741e+00	6.78197228e-01	7.32250178e-01
6641            	-2.70278629e-02	4.52364230e-02	1.41042088e+00	6.78182578e-01	7.32238303e-01
6642            	-2.70292052e-02	4.52361888e-02	1.41039490e+00	6.78168246e-01	7.32226656e-01
6643            	-2.70305131e-02	4.52359993e-02	1.41036915e+00	6.78154062e-01	7.32215089e-01
6644            	-2.70318083e-02	4.52358338e-02	1.41034323e+00	6.78139806e-01	7.32203423e-01
6645            	-2.70334657e-02	4.52354405e-02	1.41031259e+00	6.78122830e-01	7.32189761e-01
6646            	-2.70348199e-02	4.52351491e-02	1.41028626e+00	6.78108311e-01	7.32177951e-01
6647            	-2.70361770e-02	4.52348349e-02	1.41025992e+00	6.78093782e-01	7.32166136e-01
6648            	-2.70375360e-02	4.52345018e-02	1.41023355e+00	6.78079239e-01	7.32154311e-01
6649            	-2.70392306e-02	4.52339308e-02	1.41020281e+00	6.78062177e-01	7.32140638e-01
6650            	-2.70406056e-02	4.52334982e-02	1.41017668e+00	6.78047733e-01	7.32128944e-01
6651            	-2.70419742e-02	4.52330658e-02	1.41015086e+00	6.78033457e-01	7.32117405e-01
6652            	-2.70436604e-02	4.52324229e-02	1.41012118e+00	6.78016929e-01	7.32104250e-01
6653            	-2.70450631e-02	4.52319310e-02	1.41009584e+00	6.78002859e-01	7.32092985e-01
6654            	-2.70464567e-02	4.52314662e-02	1.41007081e+00	6.77988950e-01	7.32081863e-01
6655            	-2.70481515e-02	4.52308214e-02	1.41004192e+00	6.77972806e-01	7.32069109e-01
6656            	-2.70495252e-02	4.52303583e-02	1.41001708e+00	6.77959016e-01	7.32058067e-01
6657            	-2.70508746e-02	4.52299247e-02	1.40999232e+00	6.77945284e-01	7.32047033e-01
6658            	-2.70525156e-02	4.52293032e-02	1.40996349e+00	6.77929231e-01	7.32034262e-01
6659            	-2.70538529e-02	4.52288328e-02	1.40993857e+00	6.77915433e-01	7.32023139e-01
6660            	-2.70554790e-02	4.52281592e-02	1.40990986e+00	6.77899451e-01	7.32010409e-01
6661            	-2.70568436e-02	4.52276149e-02	1.40988508e+00	6.77885697e-01	7.31999384e-01
6662            	-2.70584929e-02	4.52268771e-02	1.40985692e+00	6.77869967e-01	7.31986953e-01
6663            	-2.70598438e-02	4.52263217e-02	1.40983276e+00	6.77856538e-01	7.31976226e-01
6664            	-2.70614520e-02	4.52256072e-02	1.40980539e+00	6.77841245e-01	7.31964149e-01
6665            	-2.70627653e-02	4.52250831e-02	1.40978179e+00	6.77828128e-01	7.31953659e-01
6666            	-2.70643353e-02	4.52244066e-02	1.40975481e+00	6.77813071e-01	7.31941742e-01
6667            	-2.70656297e-02	4.52238999e-02	1.40973132e+00	6.77800029e-01	7.31931288e-01
6668            	-2.70671963e-02	4.52232224e-02	1.40970425e+00	6.77784926e-01	7.31919319e-01
6669            	-2.70688132e-02	4.52224712e-02	1.40967707e+00	6.77769722e-01	7.31907348e-01
6670            	-2.70701699e-02	4.52218732e-02	1.40965338e+00	6.77756519e-01	7.31896859e-01
6671            	-2.70717822e-02	4.52211093e-02	1.40962661e+00	6.77741524e-01	7.31885089e-01
6672            	-2.70731187e-02	4.52205197e-02	1.40960332e+00	6.77728541e-01	7.31874778e-01
6673            	-2.70747097e-02	4.52197703e-02	1.40957678e+00	6.77713678e-01	7.31863098e-01
6674            	-2.70763024e-02	4.52189945e-02	1.40955025e+00	6.77698824e-01	7.31851429e-01
6675            	-2.70776271e-02	4.52183877e-02	1.40952707e+00	6.77685907e-01	7.31841161e-01
6676            	-2.70793725e-02	4.52174968e-02	1.40949885e+00	6.77670055e-01	7.31828800e-01
6677            	-2.70810085e-02	4.52166431e-02	1.40947231e+00	6.77655149e-01	7.31817166e-01
6678            	-2.70825866e-02	4.52158141e-02	1.40944715e+00	6.77640986e-01	7.31806159e-01
6679            	-2.70839350e-02	4.52151715e-02	1.40942490e+00	6.77628516e-01	7.31796386e-01
6680            	-2.70853239e-02	4.52145381e-02	1.40940186e+00	6.77615605e-01	7.31786253e-01
6681            	-2.70865353e-02	4.52140535e-02	1.40938053e+00	6.77603731e-01	7.31776801e-01
6682            	-2.70881999e-02	4.52133006e-02	1.40935299e+00	6.77588296e-01	7.31764696e-01
6683            	-2.70898194e-02	4.52125156e-02	1.40932607e+00	6.77573215e-01	7.31752854e-01
6684            	-2.70913822e-02	4.52117090e-02	1.40930016e+00	6.77558697e-01	7.31741461e-01
6685            	-2.70928971e-02	4.52108995e-02	1.40927522e+00	6.77544713e-01	7.31730507e-01
6686            	-2.70943774e-02	4.52101063e-02	1.40925106e+00	6.77531151e-01	7.31719906e-01
6687            	-2.70958832e-02	4.52093078e-02	1.40922724e+00	6.77517737e-01	7.31709503e-01
6688            	-2.70973967e-02	4.52085319e-02	1.40920353e+00	6.77504369e-01	7.31699162e-01
6689            	-2.70989165e-02	4.52077788e-02	1.40917972e+00	6.77490942e-01	7.31688775e-01
6690            	-2.71004398e-02	4.52070405e-02	1.40915569e+00	6.77477405e-01	7.31678284e-01
6691            	-2.71019630e-02	4.52063061e-02	1.40913145e+00	6.77463761e-01	7.31667688e-01
6692            	-2.71034838e-02	4.52055653e-02	1.40910707e+00	6.77450051e-01	7.31657018e-01
6693            	-2.71050009e-02	4.52048121e-02	1.40908265e+00	6.77436325e-01	7.31646327e-01
6694            	-2.71065143e-02	4.52040457e-02	1.40905829e+00	6.77422633e-01	7.31635661e-01
6695            	-2.71080245e-02	4.52032699e-02	1.40903406e+00	6.77409006e-01	7.31625055e-01
6696            	-2.71095778e-02	4.52024564e-02	1.40900988e+00	6.77395364e-01	7.31614520e-01
6697            	-2.71111412e-02	4.52016387e-02	1.40898585e+00	6.77381782e-01	7.31604064e-01
6698            	-2.71127043e-02	4.52008283e-02	1.40896193e+00	6.77368261e-01	7.31593669e-01
6699            	-2.71142607e-02	4.52000311e-02	1.40893810e+00	6.77354789e-01	7.31583311e-01
6700            	-2.71158074e-02	4.51992480e-02	1.40891432e+00	6.77341354e-01	7.31572969e-01
6701            	-2.71173446e-02	4.51984769e-02	1.40889058e+00	6.77327944e-01	7.31562633e-01
6702            	-2.71188742e-02	4.51977139e-02	1.40886685e+00	6.77314550e-01	7.31552299e-01
6703            	-2.71203986e-02	4.51969554e-02	1.40884314e+00	6.77301172e-01	7.31541969e-01
6704            	-2.71219198e-02	4.51961995e-02	1.40881946e+00	6.77287811e-01	7.31531650e-01
6705            	-2.71230947e-02	4.51956818e-02	1.40879976e+00	6.77276785e-01	7.31522974e-01
6706            	-2.71247898e-02	4.51948533e-02	1.40877419e+00	6.77262305e-01	7.31511885e-01
6707            	-2.71265099e-02	4.51939709e-02	1.40874866e+00	6.77247818e-01	7.31500838e-01
6708            	-2.71278387e-02	4.51933257e-02	1.40872767e+00	6.77235995e-01	7.31491672e-01
6709            	-2.71292460e-02	4.51926496e-02	1.40870561e+00	6.77223560e-01	7.31482052e-01
6710            	-2.71311726e-02	4.51916265e-02	1.40867802e+00	6.77207838e-01	7.31470183e-01
6711            	-2.71326127e-02	4.51908902e-02	1.40865580e+00	6.77195286e-01	7.31460512e-01
6712            	-2.71340955e-02	4.51901400e-02	1.40863315e+00	6.77182478e-01	7.31450669e-01
6713            	-2.71360850e-02	4.51890545e-02	1.40860551e+00	6.77166671e-01	7.31438841e-01
6714            	-2.71375155e-02	4.51883292e-02	1.40858385e+00	6.77154411e-01	7.31429442e-01
6715            	-2.71393782e-02	4.51873501e-02	1.40855784e+00	6.77139540e-01	7.31418296e-01
6716            	-2.71407005e-02	4.51867411e-02	1.40853743e+00	6.77128012e-01	7.31409413e-01
6717            	-2.71424656e-02	4.51859030e-02	1.40851255e+00	6.77113808e-01	7.31398739e-01
6718            	-2.71441233e-02	4.51851419e-02	1.40848878e+00	6.77100269e-01	7.31388515e-01
6719            	-2.71453279e-02	4.51846775e-02	1.40846965e+00	6.77089496e-01	7.31380152e-01
6720            	-2.71469207e-02	4.51840278e-02	1.40844585e+00	6.77076006e-01	7.31369848e-01
6721            	-2.71484669e-02	4.51833792e-02	1.40842240e+00	6.77062731e-01	7.31359665e-01
6722            	-2.71499712e-02	4.51827218e-02	1.40839939e+00	6.77049725e-01	7.31349668e-01
6723            	-2.71514328e-02	4.51820703e-02	1.40837692e+00	6.77037027e-01	7.31339893e-01
6724            	-2.71528529e-02	4.51814457e-02	1.40835495e+00	6.77024623e-01	7.31330328e-01
6725            	-2.71542557e-02	4.51808487e-02	1.40833317e+00	6.77012330e-01	7.31320841e-01
6726            	-2.71556638e-02	4.51802667e-02	1.40831131e+00	6.76999992e-01	7.31311320e-01
6727            	-2.71570952e-02	4.51796812e-02	1.40828919e+00	6.76987500e-01	7.31301690e-01
6728            	-2.71586164e-02	4.51790335e-02	1.40826658e+00	6.76974672e-01	7.31291905e-01
6729            	-2.71601932e-02	4.51783415e-02	1.40824361e+00	6.76961611e-01	7.31281997e-01
6730            	-2.71618048e-02	4.51776143e-02	1.40822043e+00	6.76948408e-01	7.31272018e-01
6731            	-2.71634305e-02	4.51768679e-02	1.40819719e+00	6.76935164e-01	7.31262025e-01
6732            	-2.71650528e-02	4.51761210e-02	1.40817403e+00	6.76921961e-01	7.31252067e-01
6733            	-2.71666594e-02	4.51753919e-02	1.40815103e+00	6.76908854e-01	7.31242173e-01
6734            	-2.71684179e-02	4.51745801e-02	1.40812655e+00	6.76894859e-01	7.31231695e-01
6735            	-2.71699408e-02	4.51739260e-02	1.40810436e+00	6.76882238e-01	7.31222119e-01
6736            	-2.71714170e-02	4.51733410e-02	1.40808251e+00	6.76869838e-01	7.31212672e-01
6737            	-2.71728495e-02	4.51728256e-02	1.40806093e+00	6.76857613e-01	7.31203312e-01
6738            	-2.71744092e-02	4.51722725e-02	1.40803781e+00	6.76844495e-01	7.31193313e-01
6739            	-2.71758254e-02	4.51717943e-02	1.40801647e+00	6.76832412e-01	7.31184063e-01
6740            	-2.71774072e-02	4.51712347e-02	1.40799346e+00	6.76819323e-01	7.31174138e-01
6741            	-2.71789828e-02	4.51706610e-02	1.40797056e+00	6.76806298e-01	7.31164264e-01
6742            	-2.71803826e-02	4.51701757e-02	1.40794947e+00	6.76794352e-01	7.31155118e-01
6743            	-2.71819283e-02	4.51696162e-02	1.40792685e+00	6.76781497e-01	7.31145354e-01
6744            	-2.71834639e-02	4.51690552e-02	1.40790433e+00	6.76768701e-01	7.31135629e-01
6745            	-2.71848274e-02	4.51685951e-02	1.40788356e+00	6.76756951e-01	7.31126606e-01
6746            	-2.71863488e-02	4.51680677e-02	1.40786111e+00	6.76744208e-01	7.31116905e-01
6747            	-2.71878761e-02	4.51675395e-02	1.40783858e+00	6.76731414e-01	7.31107167e-01
6748            	-2.71894066e-02	4.51670123e-02	1.40781600e+00	6.76718596e-01	7.31097409e-01
6749            	-2.71909311e-02	4.51664951e-02	1.40779349e+00	6.76705812e-01	7.31087674e-01
6750            	-2.71922762e-02	4.51660931e-02	1.40777280e+00	6.76694123e-01	7.31078676e-01
6751            	-2.71939125e-02	4.51655789e-02	1.40774950e+00	6.76680839e-01	7.31068664e-01
6752            	-2.71955018e-02	4.51650814e-02	1.40772689e+00	6.76667945e-01	7.31058948e-01
6753            	-2.71970386e-02	4.51646144e-02	1.40770489e+00	6.76655405e-01	7.31049482e-01
6754            	-2.71985301e-02	4.51641860e-02	1.40768328e+00	6.76643108e-01	7.31040169e-01
6755            	-2.71999896e-02	4.51637961e-02	1.40766183e+00	6.76630927e-01	7.31030906e-01
6756            	-2.72014312e-02	4.51634368e-02	1.40764037e+00	6.76618753e-01	7.31021615e-01
6757            	-2.72028667e-02	4.51630959e-02	1.40761877e+00	6.76606517e-01	7.31012250e-01
6758            	-2.72043040e-02	4.51627606e-02	1.40759700e+00	6.76594196e-01	7.31002804e-01
6759            	-2.72056525e-02	4.51624501e-02	1.40757609e+00	6.76582392e-01	7.30993697e-01
6760            	-2.72070690e-02	4.51621220e-02	1.40755432e+00	6.76570093e-01	7.30984231e-01
6761            	-2.72083835e-02	4.51618513e-02	1.40753359e+00	6.76558412e-01	7.30975179e-01
6762            	-2.72099959e-02	4.51614678e-02	1.40750978e+00	6.76544894e-01	7.30964886e-01
6763            	-2.72115325e-02	4.51610509e-02	1.40748745e+00	6.76532191e-01	7.30955256e-01
6764            	-2.72129311e-02	4.51607083e-02	1.40746684e+00	6.76520491e-01	7.30946354e-01
6765            	-2.72146235e-02	4.51602694e-02	1.40744343e+00	6.76507092e-01	7.30936338e-01
6766            	-2.72162553e-02	4.51598552e-02	1.40742074e+00	6.76494115e-01	7.30926625e-01
6767            	-2.72177122e-02	4.51595194e-02	1.40739977e+00	6.76482172e-01	7.30917596e-01
6768            	-2.72190042e-02	4.51593136e-02	1.40738022e+00	6.76471108e-01	7.30909117e-01
6769            	-2.72204793e-02	4.51590854e-02	1.40735837e+00	6.76458708e-01	7.30899666e-01
6770            	-2.72218064e-02	4.51589415e-02	1.40733776e+00	6.76447073e-01	7.30890686e-01
6771            	-2.72234192e-02	4.51587123e-02	1.40731398e+00	6.76433571e-01	7.30880409e-01
6772            	-2.72248755e-02	4.51584816e-02	1.40729187e+00	6.76421060e-01	7.30870811e-01
6773            	-2.72261664e-02	4.51583201e-02	1.40727152e+00	6.76409593e-01	7.30861926e-01
6774            	-2.72274534e-02	4.51581886e-02	1.40725116e+00	6.76398128e-01	7.30853035e-01
6775            	-2.72289194e-02	4.51580083e-02	1.40722882e+00	6.76385491e-01	7.30843330e-01
6776            	-2.72302918e-02	4.51578510e-02	1.40720796e+00	6.76373691e-01	7.30834274e-01
6777            	-2.72316965e-02	4.51576935e-02	1.40718699e+00	6.76361799e-01	7.30825192e-01
6778            	-2.72333161e-02	4.51574507e-02	1.40716396e+00	6.76348662e-01	7.30815294e-01
6779            	-2.72347719e-02	4.51572651e-02	1.40714269e+00	6.76336575e-01	7.30806119e-01
6780            	-2.72362198e-02	4.51570975e-02	1.40712153e+00	6.76324545e-01	7.30796985e-01
6781            	-2.72378482e-02	4.51568689e-02	1.40709852e+00	6.76311411e-01	7.30787108e-01
6782            	-2.72392731e-02	4.51567295e-02	1.40707749e+00	6.76299469e-01	7.30778016e-01
6783            	-2.72406623e-02	4.51566375e-02	1.40705669e+00	6.76287681e-01	7.30769006e-01
6784            	-2.72420181e-02	4.51565961e-02	1.40703603e+00	6.76275996e-01	7.30760033e-01
6785            	-2.72435329e-02	4.51565270e-02	1.40701345e+00	6.76263190e-01	7.30750256e-01
6786            	-2.72448589e-02	4.51565305e-02	1.40699268e+00	6.76251480e-01	7.30741198e-01
6787            	-2.72461620e-02	4.51565655e-02	1.40697199e+00	6.76239835e-01	7.30732159e-01
6788            	-2.72474493e-02	4.51566271e-02	1.40695134e+00	6.76228223e-01	7.30723122e-01
6789            	-2.72487872e-02	4.51566641e-02	1.40693053e+00	6.76216477e-01	7.30714052e-01
6790            	-2.72503482e-02	4.51566152e-02	1.40690757e+00	6.76203435e-01	7.30704132e-01
6791            	-2.72517617e-02	4.51565896e-02	1.40688640e+00	6.76191437e-01	7.30694961e-01
6792            	-2.72531801e-02	4.51565646e-02	1.40686534e+00	6.76179490e-01	7.30685850e-01
6793            	-2.72545922e-02	4.51565554e-02	1.40684442e+00	6.76167617e-01	7.30676801e-01
6794            	-2.72559951e-02	4.51565707e-02	1.40682357e+00	6.76155789e-01	7.30667779e-01
6795            	-2.72573911e-02	4.51566123e-02	1.40680268e+00	6.76143951e-01	7.30658734e-01
6796            	-2.72587841e-02	4.51566773e-02	1.40678167e+00	6.76132052e-01	7.30649620e-01
6797            	-2.72603690e-02	4.51566920e-02	1.40675848e+00	6.76118871e-01	7.30639609e-01
6798            	-2.72617604e-02	4.51567603e-02	1.40673722e+00	6.76106852e-01	7.30630373e-01
6799            	-2.72631180e-02	4.51568611e-02	1.40671623e+00	6.76094995e-01	7.30621232e-01
6800            	-2.72644343e-02	4.51570068e-02	1.40669555e+00	6.76083339e-01	7.30612207e-01
6801            	-2.72657137e-02	4.51572005e-02	1.40667511e+00	6.76071839e-01	7.30603266e-01
6802            	-2.72670237e-02	4.51573939e-02	1.40665464e+00	6.76060298e-01	7.30594346e-01
6803            	-2.72683519e-02	4.51575963e-02	1.40663407e+00	6.76048685e-01	7.30585389e-01
6804            	-2.72697033e-02	4.51577980e-02	1.40661328e+00	6.76036938e-01	7.30576345e-01
6805            	-2.72710813e-02	4.51579886e-02	1.40659222e+00	6.76025029e-01	7.30567192e-01
6806            	-2.72724852e-02	4.51581613e-02	1.40657091e+00	6.76012969e-01	7.30557940e-01
6807            	-2.72739099e-02	4.51583160e-02	1.40654943e+00	6.76000805e-01	7.30548624e-01
6808            	-2.72753459e-02	4.51584597e-02	1.40652789e+00	6.75988598e-01	7.30539290e-01
6809            	-2.72767812e-02	4.51586055e-02	1.40650639e+00	6.75976416e-01	7.30529979e-01
6810            	-2.72782028e-02	4.51587696e-02	1.40648504e+00	6.75964317e-01	7.30520723e-01
6811            	-2.72795990e-02	4.51589677e-02	1.40646388e+00	6.75952340e-01	7.30511538e-01
6812            	-2.72809614e-02	4.51592112e-02	1.40644292e+00	6.75940500e-01	7.30502423e-01
6813            	-2.72822868e-02	4.51595053e-02	1.40642216e+00	6.75928792e-01	7.30493366e-01
6814            	-2.72835769e-02	4.51598479e-02	1.40640154e+00	6.75917191e-01	7.30484345e-01
6815            	-2.72848932e-02	4.51601885e-02	1.40638089e+00	6.75905553e-01	7.30475339e-01
6816            	-2.72862173e-02	4.51605373e-02	1.40636024e+00	6.75893903e-01	7.30466338e-01
6817            	-2.72875487e-02	4.51608889e-02	1.40633954e+00	6.75882223e-01	7.30457320e-01
6818            	-2.72888882e-02	4.51612377e-02	1.40631877e+00	6.75870497e-01	7.30448273e-01
6819            	-2.72902363e-02	4.51615800e-02	1.40629792e+00	6.75858722e-01	7.30439195e-01
6820            	-2.72915922e-02	4.51619153e-02	1.40627699e+00	6.75846903e-01	7.30430088e-01
6821            	-2.72929536e-02	4.51622467e-02	1.40625602e+00	6.75835055e-01	7.30420962e-01
6822            	-2.72943160e-02	4.51625805e-02	1.40623502e+00	6.75823194e-01	7.30411827e-01
6823            	-2.72956737e-02	4.51629251e-02	1.40621403e+00	6.75811344e-01	7.30402691e-01
6824            	-2.72970201e-02	4.51632894e-02	1.40619309e+00	6.75799524e-01	7.30393564e-01
6825            	-2.72983493e-02	4.51636810e-02	1.40617220e+00	6.75787753e-01	7.30384451e-01
6826            	-2.72996573e-02	4.51641049e-02	1.40615140e+00	6.75776042e-01	7.30375357e-01
6827            	-2.73009428e-02	4.51645624e-02	1.40613068e+00	6.75764395e-01	7.30366281e-01
6828            	-2.73022077e-02	4.51650514e-02	1.40611003e+00	6.75752808e-01	7.30357223e-01
6829            	-2.73035122e-02	4.51655238e-02	1.40608934e+00	6.75741158e-01	7.30348182e-01
6830            	-2.73048341e-02	4.51659950e-02	1.40606865e+00	6.75729492e-01	7.30339160e-01
6831            	-2.73061682e-02	4.51664666e-02	1.40604796e+00	6.75717810e-01	7.30330146e-01
6832            	-2.73075100e-02	4.51669395e-02	1.40602724e+00	6.75706110e-01	7.30321130e-01
6833            	-2.73088554e-02	4.51674150e-02	1.40600650e+00	6.75694394e-01	7.30312105e-01
6834            	-2.73102000e-02	4.51678956e-02	1.40598574e+00	6.75682670e-01	7.30303070e-01
6835            	-2.73115394e-02	4.51683847e-02	1.40596497e+00	6.75670946e-01	7.30294024e-01
6836            	-2.73128691e-02	4.51688867e-02	1.40594420e+00	6.75659233e-01	7.30284971e-01
6837            	-2.73141848e-02	4.51694065e-02	1.40592346e+00	6.75647543e-01	7.30275913e-01
6838            	-2.73154825e-02	4.51699484e-02	1.40590274e+00	6.75635888e-01	7.30266854e-01
6839            	-2.73167596e-02	4.51705159e-02	1.40588208e+00	6.75624279e-01	7.30257798e-01
6840            	-2.73180156e-02	4.51711101e-02	1.40586147e+00	6.75612720e-01	7.30248751e-01
6841            	-2.73192523e-02	4.51717300e-02	1.40584092e+00	6.75601210e-01	7.30239715e-01
6842            	-2.73204736e-02	4.51723724e-02	1.40582043e+00	6.75589743e-01	7.30230690e-01
6843            	-2.73217414e-02	4.51729890e-02	1.40579988e+00	6.75578197e-01	7.30221680e-01
6844            	-2.73230339e-02	4.51735966e-02	1.40577931e+00	6.75566620e-01	7.30212688e-01
6845            	-2.73243446e-02	4.51741989e-02	1.40575872e+00	6.75555016e-01	7.30203706e-01
6846            	-2.73256674e-02	4.51747997e-02	1.40573811e+00	6.75543390e-01	7.30194724e-01
6847            	-2.73269957e-02	4.51754030e-02	1.40571748e+00	6.75531747e-01	7.30185738e-01
6848            	-2.73283232e-02	4.51760133e-02	1.40569684e+00	6.75520098e-01	7.30176744e-01
6849            	-2.73296436e-02	4.51766354e-02	1.40567620e+00	6.75508456e-01	7.30167743e-01
6850            	-2.73309511e-02	4.51772743e-02	1.40565557e+00	6.75496833e-01	7.30158735e-01
6851            	-2.73322407e-02	4.51779348e-02	1.40563497e+00	6.75485242e-01	7.30149723e-01
6852            	-2.73335083e-02	4.51786207e-02	1.40561441e+00	6.75473694e-01	7.30140711e-01
6853            	-2.73347519e-02	4.51793339e-02	1.40559390e+00	6.75462198e-01	7.30131702e-01
6854            	-2.73359720e-02	4.51800745e-02	1.40557346e+00	6.75450757e-01	7.30122701e-01
6855            	-2.73371714e-02	4.51808401e-02	1.40555308e+00	6.75439367e-01	7.30113710e-01
6856            	-2.73383552e-02	4.51816264e-02	1.40553275e+00	6.75428019e-01	7.30104730e-01
6857            	-2.73395866e-02	4.51823838e-02	1.40551236e+00	6.75416591e-01	7.30095764e-01
6858            	-2.73408445e-02	4.51831285e-02	1.40549194e+00	6.75405128e-01	7.30086817e-01
6859            	-2.73421231e-02	4.51838642e-02	1.40547151e+00	6.75393633e-01	7.30077879e-01
6860            	-2.73434161e-02	4.51845949e-02	1.40545105e+00	6.75382109e-01	7.30068941e-01
6861            	-2.73447170e-02	4.51853252e-02	1.40543056e+00	6.75370565e-01	7.30059999e-01
6862            	-2.73460184e-02	4.51860602e-02	1.40541006e+00	6.75359014e-01	7.30051051e-01
6863            	-2.73473135e-02	4.51868057e-02	1.40538956e+00	6.75347468e-01	7.30042095e-01
6864            	-2.73485957e-02	4.51875673e-02	1.40536908e+00	6.75335942e-01	7.30033134e-01
6865            	-2.73498593e-02	4.51883505e-02	1.40534862e+00	6.75324450e-01	7.30024168e-01
6866            	-2.73511000e-02	4.51891593e-02	1.40532821e+00	6.75313003e-01	7.30015203e-01
6867            	-2.73523155e-02	4.51899959e-02	1.40530785e+00	6.75301610e-01	7.30006241e-01
6868            	-2.73535060e-02	4.51908603e-02	1.40528756e+00	6.75290275e-01	7.29997287e-01
6869            	-2.73546748e-02	4.51917498e-02	1.40526734e+00	6.75278993e-01	7.29988342e-01
6870            	-2.73558271e-02	4.51926599e-02	1.40524717e+00	6.75267756e-01	7.29979410e-01
6871            	-2.73570267e-02	4.51935401e-02	1.40522693e+00	6.75256439e-01	7.29970492e-01
6872            	-2.73582530e-02	4.51944062e-02	1.40520668e+00	6.75245087e-01	7.29961593e-01
6873            	-2.73595005e-02	4.51952618e-02	1.40518641e+00	6.75233702e-01	7.29952703e-01
6874            	-2.73607634e-02	4.51961107e-02	1.40516610e+00	6.75222288e-01	7.29943815e-01
6875            	-2.73620349e-02	4.51969574e-02	1.40514578e+00	6.75210854e-01	7.29934924e-01
6876            	-2.73633078e-02	4.51978073e-02	1.40512544e+00	6.75199410e-01	7.29926025e-01
6877            	-2.73645749e-02	4.51986660e-02	1.40510509e+00	6.75187971e-01	7.29917121e-01
6878            	-2.73658293e-02	4.51995395e-02	1.40508476e+00	6.75176552e-01	7.29908210e-01
6879            	-2.73670649e-02	4.52004333e-02	1.40506446e+00	6.75165167e-01	7.29899297e-01
6880            	-2.73682771e-02	4.52013517e-02	1.40504421e+00	6.75153829e-01	7.29890383e-01
6881            	-2.73694635e-02	4.52022971e-02	1.40502402e+00	6.75142547e-01	7.29881474e-01
6882            	-2.73706243e-02	4.52032694e-02	1.40500390e+00	6.75131325e-01	7.29872573e-01
6883            	-2.73717626e-02	4.52042661e-02	1.40498384e+00	6.75120158e-01	7.29863684e-01
6884            	-2.73728839e-02	4.52052827e-02	1.40496385e+00	6.75109039e-01	7.29854806e-01
6885            	-2.73739950e-02	4.52063132e-02	1.40494389e+00	6.75097951e-01	7.29845941e-01
6886            	-2.73751611e-02	4.52073062e-02	1.40492386e+00	6.75086768e-01	7.29837090e-01
6887            	-2.73763606e-02	4.52082782e-02	1.40490379e+00	6.75075534e-01	7.29828255e-01
6888            	-2.73775864e-02	4.52092341e-02	1.40488368e+00	6.75064255e-01	7.29819428e-01
6889            	-2.73788301e-02	4.52101801e-02	1.40486354e+00	6.75052940e-01	7.29810600e-01
6890            	-2.73800824e-02	4.52111228e-02	1.40484337e+00	6.75041602e-01	7.29801767e-01
6891            	-2.73813338e-02	4.52120695e-02	1.40482319e+00	6.75030260e-01	7.29792928e-01
6892            	-2.73825753e-02	4.52130275e-02	1.40480301e+00	6.75018932e-01	7.29784082e-01
6893            	-2.73837992e-02	4.52140033e-02	1.40478287e+00	6.75007634e-01	7.29775232e-01
6894            	-2.73849995e-02	4.52150024e-02	1.40476276e+00	6.74996381e-01	7.29766380e-01
6895            	-2.73861722e-02	4.52160286e-02	1.40474272e+00	6.74985186e-01	7.29757531e-01
6896            	-2.73873160e-02	4.52170832e-02	1.40472274e+00	6.74974056e-01	7.29748688e-01
6897            	-2.73884326e-02	4.52181648e-02	1.40470285e+00	6.74962990e-01	7.29739855e-01
6898            	-2.73895267e-02	4.52192697e-02	1.40468302e+00	6.74951983e-01	7.29731036e-01
6899            	-2.73906048e-02	4.52203921e-02	1.40466325e+00	6.74941021e-01	7.29722230e-01
6900            	-2.73916748e-02	4.52215254e-02	1.40464353e+00	6.74930088e-01	7.29713437e-01
6901            	-2.73929680e-02	4.52226328e-02	1.40462186e+00	6.74917962e-01	7.29703898e-01
6902            	-2.73941250e-02	4.52236561e-02	1.40460228e+00	6.74907015e-01	7.29695265e-01
6903            	-2.73952908e-02	4.52246684e-02	1.40458293e+00	6.74896173e-01	7.29686755e-01
6904            	-2.73964541e-02	4.52256915e-02	1.40456373e+00	6.74885413e-01	7.29678321e-01
6905            	-2.73976104e-02	4.52267396e-02	1.40454456e+00	6.74874667e-01	7.29669888e-01
6906            	-2.73987602e-02	4.52278169e-02	1.40452524e+00	6.74863861e-01	7.29661382e-01
6907            	-2.74000744e-02	4.52289341e-02	1.40450386e+00	6.74851856e-01	7.29652005e-01
6908            	-2.74012102e-02	4.52300083e-02	1.40448430e+00	6.74840942e-01	7.29643362e-01
6909            	-2.74023266e-02	4.52310961e-02	1.40446476e+00	6.74830053e-01	7.29634707e-01
6910            	-2.74034213e-02	4.52322050e-02	1.40444524e+00	6.74819200e-01	7.29626043e-01
6911            	-2.74046546e-02	4.52333585e-02	1.40442393e+00	6.74807308e-01	7.29616617e-01
6912            	-2.74057076e-02	4.52344767e-02	1.40440463e+00	6.74796607e-01	7.29608023e-01
6913            	-2.74067357e-02	4.52356225e-02	1.40438553e+00	6.74786027e-01	7.29599499e-01
