# Force coefficients
# liftDir       : (-2.50379913e-01 9.68147664e-01 0.00000000e+00)
# dragDir       : (9.68147664e-01 2.50379913e-01 0.00000000e+00)
# pitchAxis     : (0.00000000e+00 0.00000000e+00 1.00000000e+00)
# magUInf       : 1.50000000e+01
# lRef          : 1.00000000e+00
# Aref          : 1.00000000e-02
# CofR          : (2.50000000e-01 0.00000000e+00 0.00000000e+00)
# Time          	Cm              	Cd              	Cl              	Cl(f)           	Cl(r)           
3234            	-2.47839908e-02	4.74506634e-02	1.27877143e+00	6.14601723e-01	6.64169705e-01
3235            	-2.46456204e-02	4.75384061e-02	1.27930765e+00	6.15008206e-01	6.64299447e-01
3236            	-2.44069814e-02	4.77748195e-02	1.28023228e+00	6.15709157e-01	6.64523119e-01
3237            	-2.42293230e-02	4.79779870e-02	1.28100478e+00	6.16273066e-01	6.64731712e-01
3238            	-2.41182515e-02	4.81355199e-02	1.28158200e+00	6.16672748e-01	6.64909251e-01
3239            	-2.40500507e-02	4.82607869e-02	1.28206703e+00	6.16983463e-01	6.65083564e-01
3240            	-2.40245883e-02	4.83464159e-02	1.28243218e+00	6.17191503e-01	6.65240679e-01
3241            	-2.40453411e-02	4.83656492e-02	1.28259582e+00	6.17252568e-01	6.65343250e-01
3242            	-2.41038091e-02	4.83153346e-02	1.28254560e+00	6.17168989e-01	6.65376607e-01
3243            	-2.41798030e-02	4.82189660e-02	1.28232974e+00	6.16985066e-01	6.65344672e-01
3244            	-2.42706169e-02	4.80794818e-02	1.28197313e+00	6.16715950e-01	6.65257184e-01
3245            	-2.43506289e-02	4.79427352e-02	1.28160247e+00	6.16450605e-01	6.65151863e-01
3246            	-2.44267178e-02	4.77988173e-02	1.28120332e+00	6.16174945e-01	6.65028380e-01
3247            	-2.45080875e-02	4.76362565e-02	1.28073680e+00	6.15860313e-01	6.64876488e-01
3248            	-2.45755123e-02	4.75009115e-02	1.28033488e+00	6.15591929e-01	6.64742954e-01
3249            	-2.46221690e-02	4.74099622e-02	1.28005884e+00	6.15407251e-01	6.64651589e-01
3250            	-2.46555509e-02	4.73525867e-02	1.27988306e+00	6.15285981e-01	6.64597083e-01
3251            	-2.46770508e-02	4.73267602e-02	1.27980990e+00	6.15227897e-01	6.64581999e-01
3252            	-2.46878447e-02	4.73284513e-02	1.27983528e+00	6.15229794e-01	6.64605484e-01
3253            	-2.46887146e-02	4.73517615e-02	1.27994893e+00	6.15285752e-01	6.64663181e-01
3254            	-2.46810384e-02	4.73875681e-02	1.28012901e+00	6.15383464e-01	6.64745541e-01
3255            	-2.46669987e-02	4.74255668e-02	1.28034506e+00	6.15505533e-01	6.64839531e-01
3256            	-2.46499469e-02	4.74553743e-02	1.28056154e+00	6.15630824e-01	6.64930717e-01
3257            	-2.46365421e-02	4.74660556e-02	1.28072491e+00	6.15725913e-01	6.64998998e-01
3258            	-2.46267290e-02	4.74581324e-02	1.28084232e+00	6.15794432e-01	6.65047890e-01
3259            	-2.46225878e-02	4.74308178e-02	1.28090463e+00	6.15829726e-01	6.65074902e-01
3260            	-2.46249535e-02	4.73863979e-02	1.28091331e+00	6.15831701e-01	6.65081608e-01
3261            	-2.46334987e-02	4.73294275e-02	1.28087834e+00	6.15805673e-01	6.65072671e-01
3262            	-2.46468365e-02	4.72658124e-02	1.28081594e+00	6.15761134e-01	6.65054807e-01
3263            	-2.46628491e-02	4.72018658e-02	1.28074557e+00	6.15709935e-01	6.65035634e-01
3264            	-2.46789449e-02	4.71435680e-02	1.28068713e+00	6.15664621e-01	6.65022511e-01
3265            	-2.46924883e-02	4.70957832e-02	1.28065786e+00	6.15636441e-01	6.65021417e-01
3266            	-2.47012791e-02	4.70615815e-02	1.28066969e+00	6.15633566e-01	6.65036124e-01
3267            	-2.47045969e-02	4.70436776e-02	1.28071422e+00	6.15652512e-01	6.65061706e-01
3268            	-2.46998981e-02	4.70381889e-02	1.28082507e+00	6.15712639e-01	6.65112435e-01
3269            	-2.46912280e-02	4.70429129e-02	1.28095063e+00	6.15784085e-01	6.65166541e-01
3270            	-2.46716307e-02	4.70624545e-02	1.28115250e+00	6.15904620e-01	6.65247882e-01
3271            	-2.46458900e-02	4.70915472e-02	1.28138476e+00	6.16046490e-01	6.65338270e-01
3272            	-2.46154510e-02	4.71277669e-02	1.28163570e+00	6.16202398e-01	6.65433300e-01
3273            	-2.45817747e-02	4.71688598e-02	1.28189561e+00	6.16366028e-01	6.65529578e-01
3274            	-2.45462070e-02	4.72128961e-02	1.28215776e+00	6.16532674e-01	6.65625088e-01
3275            	-2.45100598e-02	4.72581295e-02	1.28241770e+00	6.16698789e-01	6.65718909e-01
3276            	-2.44745926e-02	4.73028744e-02	1.28267245e+00	6.16861631e-01	6.65810816e-01
3277            	-2.44407631e-02	4.73459506e-02	1.28292187e+00	6.17020173e-01	6.65901699e-01
3278            	-2.44092689e-02	4.73864733e-02	1.28316724e+00	6.17174353e-01	6.65992891e-01
3279            	-2.43803272e-02	4.74241642e-02	1.28341203e+00	6.17325690e-01	6.66086344e-01
3280            	-2.43537676e-02	4.74592267e-02	1.28366098e+00	6.17476720e-01	6.66184256e-01
3281            	-2.43291119e-02	4.74922710e-02	1.28391941e+00	6.17630591e-01	6.66288815e-01
3282            	-2.43056807e-02	4.75241226e-02	1.28419214e+00	6.17790391e-01	6.66401752e-01
3283            	-2.42827915e-02	4.75555835e-02	1.28448237e+00	6.17958393e-01	6.66523976e-01
3284            	-2.42597739e-02	4.75873698e-02	1.28479189e+00	6.18136174e-01	6.66655721e-01
3285            	-2.42313578e-02	4.76262721e-02	1.28517029e+00	6.18353786e-01	6.66816501e-01
3286            	-2.42026310e-02	4.76651475e-02	1.28555277e+00	6.18573752e-01	6.66979014e-01
3287            	-2.41736545e-02	4.77034965e-02	1.28593354e+00	6.18793117e-01	6.67140426e-01
3288            	-2.41446189e-02	4.77406820e-02	1.28630947e+00	6.19010119e-01	6.67299356e-01
3289            	-2.41157845e-02	4.77760400e-02	1.28667961e+00	6.19224021e-01	6.67455590e-01
3290            	-2.40875408e-02	4.78089671e-02	1.28704458e+00	6.19434750e-01	6.67609832e-01
3291            	-2.40602796e-02	4.78390001e-02	1.28740605e+00	6.19642748e-01	6.67763307e-01
3292            	-2.40343191e-02	4.78658621e-02	1.28776631e+00	6.19848834e-01	6.67917472e-01
3293            	-2.40098565e-02	4.78894318e-02	1.28812769e+00	6.20053988e-01	6.68073701e-01
3294            	-2.39869484e-02	4.79096892e-02	1.28849219e+00	6.20259149e-01	6.68233046e-01
3295            	-2.39654633e-02	4.79266941e-02	1.28886128e+00	6.20465176e-01	6.68396102e-01
3296            	-2.39452221e-02	4.79403907e-02	1.28923548e+00	6.20672516e-01	6.68562960e-01
3297            	-2.39259475e-02	4.79506793e-02	1.28961477e+00	6.20881438e-01	6.68733332e-01
3298            	-2.39046324e-02	4.79579908e-02	1.29003749e+00	6.21114113e-01	6.68923378e-01
3299            	-2.38867695e-02	4.79617936e-02	1.29041273e+00	6.21319596e-01	6.69093135e-01
3300            	-2.38665986e-02	4.79607216e-02	1.29082593e+00	6.21546366e-01	6.69279563e-01
3301            	-2.38469328e-02	4.79552182e-02	1.29122835e+00	6.21767240e-01	6.69461106e-01
3302            	-2.38278142e-02	4.79446132e-02	1.29161948e+00	6.21981924e-01	6.69637553e-01
3303            	-2.38093177e-02	4.79282447e-02	1.29200109e+00	6.22191228e-01	6.69809863e-01
3304            	-2.37914796e-02	4.79057064e-02	1.29237641e+00	6.22396724e-01	6.69979683e-01
3305            	-2.37743791e-02	4.78768999e-02	1.29274887e+00	6.22600055e-01	6.70148813e-01
3306            	-2.37580628e-02	4.78421033e-02	1.29312144e+00	6.22802659e-01	6.70318784e-01
3307            	-2.37404804e-02	4.77995414e-02	1.29352308e+00	6.23021059e-01	6.70502020e-01
3308            	-2.37242727e-02	4.77544103e-02	1.29391471e+00	6.23233081e-01	6.70681627e-01
3309            	-2.37096424e-02	4.77070172e-02	1.29429465e+00	6.23437680e-01	6.70856965e-01
3310            	-2.36967311e-02	4.76569278e-02	1.29466346e+00	6.23635000e-01	6.71028462e-01
3311            	-2.36857247e-02	4.76032902e-02	1.29502277e+00	6.23825662e-01	6.71197111e-01
3312            	-2.36755113e-02	4.75414864e-02	1.29539621e+00	6.24022593e-01	6.71373615e-01
3313            	-2.36678523e-02	4.74767629e-02	1.29575382e+00	6.24209058e-01	6.71544762e-01
3314            	-2.36628686e-02	4.74084262e-02	1.29609470e+00	6.24384482e-01	6.71710220e-01
3315            	-2.36606459e-02	4.73354945e-02	1.29641935e+00	6.24549027e-01	6.71870319e-01
3316            	-2.36611093e-02	4.72570779e-02	1.29672959e+00	6.24703686e-01	6.72025905e-01
3317            	-2.36641233e-02	4.71725495e-02	1.29702773e+00	6.24849742e-01	6.72177988e-01
3318            	-2.36694057e-02	4.70817590e-02	1.29731605e+00	6.24988619e-01	6.72327431e-01
3319            	-2.36766530e-02	4.69849344e-02	1.29759620e+00	6.25121445e-01	6.72474751e-01
3320            	-2.36855600e-02	4.68782747e-02	1.29788120e+00	6.25255041e-01	6.72626161e-01
3321            	-2.36955647e-02	4.67696209e-02	1.29815286e+00	6.25380865e-01	6.72771995e-01
3322            	-2.37063261e-02	4.66591886e-02	1.29841157e+00	6.25499458e-01	6.72912110e-01
3323            	-2.37176792e-02	4.65465188e-02	1.29865902e+00	6.25611830e-01	6.73047188e-01
3324            	-2.37295653e-02	4.64310420e-02	1.29889746e+00	6.25719162e-01	6.73178293e-01
3325            	-2.37419595e-02	4.63124664e-02	1.29912904e+00	6.25822559e-01	6.73306478e-01
3326            	-2.37548119e-02	4.61909343e-02	1.29935547e+00	6.25922924e-01	6.73432548e-01
3327            	-2.37680152e-02	4.60669886e-02	1.29957792e+00	6.26020943e-01	6.73556974e-01
3328            	-2.37819072e-02	4.59363338e-02	1.29980396e+00	6.26120070e-01	6.73683885e-01
3329            	-2.37949018e-02	4.58127167e-02	1.30001690e+00	6.26213546e-01	6.73803350e-01
3330            	-2.38076035e-02	4.56889613e-02	1.30022723e+00	6.26306010e-01	6.73921217e-01
3331            	-2.38202997e-02	4.55604105e-02	1.30044310e+00	6.26401251e-01	6.74041851e-01
3332            	-2.38319975e-02	4.54350001e-02	1.30065600e+00	6.26496004e-01	6.74159999e-01
3333            	-2.38422413e-02	4.53173166e-02	1.30086004e+00	6.26587777e-01	6.74272259e-01
3334            	-2.38518324e-02	4.51958323e-02	1.30107319e+00	6.26684765e-01	6.74388429e-01
3335            	-2.38602366e-02	4.50772055e-02	1.30128723e+00	6.26783379e-01	6.74503852e-01
3336            	-2.38674586e-02	4.49615174e-02	1.30150253e+00	6.26883805e-01	6.74618722e-01
3337            	-2.38735764e-02	4.48486471e-02	1.30171940e+00	6.26986122e-01	6.74733274e-01
3338            	-2.38787203e-02	4.47383955e-02	1.30193801e+00	6.27090284e-01	6.74847724e-01
3339            	-2.38830412e-02	4.46305973e-02	1.30215835e+00	6.27196135e-01	6.74962218e-01
3340            	-2.38866886e-02	4.45251783e-02	1.30238021e+00	6.27303416e-01	6.75076793e-01
3341            	-2.38897903e-02	4.44221712e-02	1.30260318e+00	6.27411801e-01	6.75191382e-01
3342            	-2.38924472e-02	4.43216887e-02	1.30282675e+00	6.27520929e-01	6.75305824e-01
3343            	-2.38947348e-02	4.42238818e-02	1.30305034e+00	6.27630437e-01	6.75419906e-01
3344            	-2.38967097e-02	4.41288967e-02	1.30327338e+00	6.27739983e-01	6.75533402e-01
3345            	-2.38984172e-02	4.40368424e-02	1.30349538e+00	6.27849272e-01	6.75646106e-01
3346            	-2.38998971e-02	4.39477751e-02	1.30371592e+00	6.27958063e-01	6.75757857e-01
3347            	-2.39017573e-02	4.38638634e-02	1.30392613e+00	6.28061308e-01	6.75864822e-01
3348            	-2.39034472e-02	4.37814255e-02	1.30413811e+00	6.28165608e-01	6.75972503e-01
3349            	-2.39049222e-02	4.37007052e-02	1.30435210e+00	6.28271129e-01	6.76080974e-01
3350            	-2.39061172e-02	4.36221968e-02	1.30456744e+00	6.28377604e-01	6.76189838e-01
3351            	-2.39069838e-02	4.35463940e-02	1.30478287e+00	6.28484452e-01	6.76298420e-01
3352            	-2.39075215e-02	4.34735982e-02	1.30499697e+00	6.28590963e-01	6.76406006e-01
3353            	-2.39077897e-02	4.34038572e-02	1.30520846e+00	6.28696442e-01	6.76512022e-01
3354            	-2.39078994e-02	4.33369961e-02	1.30541645e+00	6.28800327e-01	6.76616126e-01
3355            	-2.39087192e-02	4.32742772e-02	1.30561039e+00	6.28896477e-01	6.76713916e-01
3356            	-2.39095708e-02	4.32125130e-02	1.30580487e+00	6.28992864e-01	6.76812006e-01
3357            	-2.39104775e-02	4.31517132e-02	1.30600035e+00	6.29089699e-01	6.76910654e-01
3358            	-2.39114156e-02	4.30922074e-02	1.30619638e+00	6.29186775e-01	6.77009606e-01
3359            	-2.39123331e-02	4.30344106e-02	1.30639200e+00	6.29283666e-01	6.77108333e-01
3360            	-2.39131832e-02	4.29786403e-02	1.30658614e+00	6.29379889e-01	6.77206255e-01
3361            	-2.39139459e-02	4.29250272e-02	1.30677796e+00	6.29475033e-01	6.77302925e-01
3362            	-2.39146366e-02	4.28735102e-02	1.30696696e+00	6.29568845e-01	6.77398118e-01
3363            	-2.39152998e-02	4.28238869e-02	1.30715307e+00	6.29661236e-01	6.77491836e-01
3364            	-2.39159961e-02	4.27758872e-02	1.30733651e+00	6.29752260e-01	6.77584253e-01
3365            	-2.39167861e-02	4.27292403e-02	1.30751769e+00	6.29842058e-01	6.77675630e-01
3366            	-2.39177187e-02	4.26837202e-02	1.30769703e+00	6.29930795e-01	6.77766232e-01
3367            	-2.39188228e-02	4.26391631e-02	1.30787491e+00	6.30018634e-01	6.77856279e-01
3368            	-2.39201047e-02	4.25954646e-02	1.30805162e+00	6.30105707e-01	6.77945917e-01
3369            	-2.39215530e-02	4.25525640e-02	1.30822733e+00	6.30192112e-01	6.78035218e-01
3370            	-2.39231452e-02	4.25104240e-02	1.30840211e+00	6.30277909e-01	6.78124199e-01
3371            	-2.39248551e-02	4.24690132e-02	1.30857598e+00	6.30363135e-01	6.78212845e-01
3372            	-2.39261369e-02	4.24270278e-02	1.30875769e+00	6.30452707e-01	6.78304981e-01
3373            	-2.39280563e-02	4.23879149e-02	1.30892591e+00	6.30534898e-01	6.78391011e-01
3374            	-2.39301014e-02	4.23491776e-02	1.30909303e+00	6.30616414e-01	6.78476617e-01
3375            	-2.39318196e-02	4.23092678e-02	1.30926849e+00	6.30702424e-01	6.78566063e-01
3376            	-2.39337094e-02	4.22703503e-02	1.30944054e+00	6.30786560e-01	6.78653979e-01
3377            	-2.39362019e-02	4.22335469e-02	1.30960099e+00	6.30864295e-01	6.78736699e-01
3378            	-2.39384821e-02	4.21950304e-02	1.30977059e+00	6.30946812e-01	6.78823777e-01
3379            	-2.39409369e-02	4.21569769e-02	1.30993852e+00	6.31028323e-01	6.78910197e-01
3380            	-2.39435423e-02	4.21193636e-02	1.31010485e+00	6.31108884e-01	6.78995969e-01
3381            	-2.39462756e-02	4.20820926e-02	1.31026988e+00	6.31188666e-01	6.79081217e-01
3382            	-2.39491136e-02	4.20450451e-02	1.31043403e+00	6.31267903e-01	6.79166130e-01
3383            	-2.39520290e-02	4.20081238e-02	1.31059773e+00	6.31346838e-01	6.79250896e-01
3384            	-2.39547765e-02	4.19700610e-02	1.31076675e+00	6.31428600e-01	6.79338153e-01
3385            	-2.39577427e-02	4.19339871e-02	1.31092819e+00	6.31506353e-01	6.79421838e-01
3386            	-2.39605235e-02	4.18966647e-02	1.31109487e+00	6.31586910e-01	6.79507957e-01
3387            	-2.39632924e-02	4.18599120e-02	1.31125975e+00	6.31666585e-01	6.79593169e-01
3388            	-2.39660474e-02	4.18236111e-02	1.31142296e+00	6.31745431e-01	6.79677526e-01
3389            	-2.39687895e-02	4.17875868e-02	1.31158490e+00	6.31823661e-01	6.79761241e-01
3390            	-2.39715109e-02	4.17516814e-02	1.31174619e+00	6.31901584e-01	6.79844606e-01
3391            	-2.39741875e-02	4.17158017e-02	1.31190744e+00	6.31979532e-01	6.79927907e-01
3392            	-2.39767779e-02	4.16799291e-02	1.31206916e+00	6.32057802e-01	6.80011358e-01
3393            	-2.39792279e-02	4.16441058e-02	1.31223168e+00	6.32136611e-01	6.80095067e-01
3394            	-2.39814786e-02	4.16084069e-02	1.31239511e+00	6.32216077e-01	6.80179035e-01
3395            	-2.39834763e-02	4.15729083e-02	1.31255941e+00	6.32296230e-01	6.80263183e-01
3396            	-2.39851792e-02	4.15376651e-02	1.31272443e+00	6.32377036e-01	6.80347394e-01
3397            	-2.39865611e-02	4.15027043e-02	1.31288996e+00	6.32458420e-01	6.80431542e-01
3398            	-2.39876123e-02	4.14680285e-02	1.31305581e+00	6.32540293e-01	6.80515518e-01
3399            	-2.39883342e-02	4.14336242e-02	1.31322183e+00	6.32622581e-01	6.80599249e-01
3400            	-2.39887319e-02	4.13994748e-02	1.31338795e+00	6.32705242e-01	6.80682706e-01
3401            	-2.39888100e-02	4.13655691e-02	1.31355417e+00	6.32788277e-01	6.80765897e-01
3402            	-2.39885687e-02	4.13319065e-02	1.31372057e+00	6.32871715e-01	6.80848852e-01
3403            	-2.39880007e-02	4.12984995e-02	1.31388723e+00	6.32955615e-01	6.80931617e-01
3404            	-2.39870889e-02	4.12653722e-02	1.31405429e+00	6.33040057e-01	6.81014235e-01
3405            	-2.39858091e-02	4.12325547e-02	1.31422186e+00	6.33125123e-01	6.81096741e-01
3406            	-2.39841317e-02	4.12000797e-02	1.31439006e+00	6.33210897e-01	6.81179160e-01
3407            	-2.39820298e-02	4.11679706e-02	1.31455893e+00	6.33297437e-01	6.81261497e-01
3408            	-2.39794773e-02	4.11362466e-02	1.31472854e+00	6.33384790e-01	6.81343745e-01
3409            	-2.39764530e-02	4.11049188e-02	1.31489887e+00	6.33472983e-01	6.81425889e-01
3410            	-2.39729429e-02	4.10739910e-02	1.31506993e+00	6.33562021e-01	6.81507906e-01
3411            	-2.39689405e-02	4.10434603e-02	1.31524167e+00	6.33651894e-01	6.81589775e-01
3412            	-2.39644462e-02	4.10133198e-02	1.31541406e+00	6.33742584e-01	6.81671476e-01
3413            	-2.39594647e-02	4.09835600e-02	1.31558706e+00	6.33834064e-01	6.81752994e-01
3414            	-2.39540028e-02	4.09541728e-02	1.31576063e+00	6.33926312e-01	6.81834318e-01
3415            	-2.39480693e-02	4.09251506e-02	1.31593475e+00	6.34019304e-01	6.81915443e-01
3416            	-2.39416745e-02	4.08964867e-02	1.31610938e+00	6.34113017e-01	6.81996365e-01
3417            	-2.39348290e-02	4.08681751e-02	1.31628451e+00	6.34207427e-01	6.82077085e-01
3418            	-2.39275414e-02	4.08402144e-02	1.31646012e+00	6.34302518e-01	6.82157600e-01
3419            	-2.39198174e-02	4.08126036e-02	1.31663619e+00	6.34398275e-01	6.82237910e-01
3420            	-2.39116628e-02	4.07853413e-02	1.31681269e+00	6.34494684e-01	6.82318009e-01
3421            	-2.39030877e-02	4.07584185e-02	1.31698961e+00	6.34591715e-01	6.82397891e-01
3422            	-2.38941034e-02	4.07318319e-02	1.31716689e+00	6.34689343e-01	6.82477550e-01
3423            	-2.38847228e-02	4.07055730e-02	1.31734451e+00	6.34787533e-01	6.82556979e-01
3424            	-2.38749579e-02	4.06796347e-02	1.31752242e+00	6.34886254e-01	6.82636169e-01
3425            	-2.38648259e-02	4.06540047e-02	1.31770058e+00	6.34985462e-01	6.82715114e-01
3426            	-2.38543475e-02	4.06286700e-02	1.31787892e+00	6.35085110e-01	6.82793805e-01
3427            	-2.38435497e-02	4.06036142e-02	1.31805738e+00	6.35185139e-01	6.82872239e-01
3428            	-2.38324642e-02	4.05788169e-02	1.31823588e+00	6.35285477e-01	6.82950406e-01
3429            	-2.38211236e-02	4.05542583e-02	1.31841435e+00	6.35386051e-01	6.83028298e-01
3430            	-2.38095602e-02	4.05299202e-02	1.31859270e+00	6.35486789e-01	6.83105910e-01
3431            	-2.37978077e-02	4.05057863e-02	1.31877086e+00	6.35587620e-01	6.83183236e-01
3432            	-2.37859059e-02	4.04818345e-02	1.31894873e+00	6.35688458e-01	6.83260269e-01
3433            	-2.37738891e-02	4.04580492e-02	1.31912623e+00	6.35789228e-01	6.83337006e-01
3434            	-2.37617837e-02	4.04344203e-02	1.31930331e+00	6.35889869e-01	6.83413437e-01
3435            	-2.37496178e-02	4.04109378e-02	1.31947987e+00	6.35990319e-01	6.83489554e-01
3436            	-2.37374233e-02	4.03875945e-02	1.31965588e+00	6.36090515e-01	6.83565362e-01
3437            	-2.37252345e-02	4.03643813e-02	1.31983125e+00	6.36190393e-01	6.83640862e-01
3438            	-2.37154938e-02	4.03422646e-02	1.31998875e+00	6.36278883e-01	6.83709871e-01
3439            	-2.37027107e-02	4.03183686e-02	1.32016984e+00	6.36382209e-01	6.83787630e-01
3440            	-2.36898656e-02	4.02949158e-02	1.32035073e+00	6.36485500e-01	6.83865231e-01
3441            	-2.36796352e-02	4.02729712e-02	1.32051190e+00	6.36576314e-01	6.83935585e-01
3442            	-2.36690136e-02	4.02506224e-02	1.32067683e+00	6.36669403e-01	6.84007431e-01
3443            	-2.36552935e-02	4.02270342e-02	1.32086444e+00	6.36776926e-01	6.84087513e-01
3444            	-2.36445196e-02	4.02051768e-02	1.32102979e+00	6.36870374e-01	6.84159413e-01
3445            	-2.36336484e-02	4.01831735e-02	1.32119625e+00	6.36964479e-01	6.84231775e-01
3446            	-2.36227354e-02	4.01609967e-02	1.32136381e+00	6.37059168e-01	6.84304639e-01
3447            	-2.36118639e-02	4.01387159e-02	1.32153198e+00	6.37154124e-01	6.84377852e-01
3448            	-2.36011336e-02	4.01164320e-02	1.32170002e+00	6.37248877e-01	6.84451145e-01
3449            	-2.35906526e-02	4.00942315e-02	1.32186713e+00	6.37342911e-01	6.84524216e-01
3450            	-2.35805247e-02	4.00721575e-02	1.32203257e+00	6.37435760e-01	6.84596810e-01
3451            	-2.35708390e-02	4.00502083e-02	1.32219585e+00	6.37527085e-01	6.84668763e-01
3452            	-2.35616602e-02	4.00283533e-02	1.32235673e+00	6.37616703e-01	6.84740023e-01
3453            	-2.35530232e-02	4.00065571e-02	1.32251520e+00	6.37704577e-01	6.84810624e-01
3454            	-2.35449295e-02	3.99847962e-02	1.32267147e+00	6.37790807e-01	6.84880666e-01
3455            	-2.35373497e-02	3.99630720e-02	1.32282586e+00	6.37875582e-01	6.84950281e-01
3456            	-2.35302346e-02	3.99414069e-02	1.32297872e+00	6.37959126e-01	6.85019595e-01
3457            	-2.35244275e-02	3.99204961e-02	1.32312187e+00	6.38036506e-01	6.85085361e-01
3458            	-2.35187703e-02	3.98992117e-02	1.32326711e+00	6.38114785e-01	6.85152326e-01
3459            	-2.35131405e-02	3.98777369e-02	1.32341498e+00	6.38194351e-01	6.85220632e-01
3460            	-2.35074514e-02	3.98563173e-02	1.32356528e+00	6.38275189e-01	6.85290092e-01
3461            	-2.35016694e-02	3.98351727e-02	1.32371721e+00	6.38356934e-01	6.85360273e-01
3462            	-2.34958227e-02	3.98144270e-02	1.32386962e+00	6.38438988e-01	6.85430633e-01
3463            	-2.34912265e-02	3.97946627e-02	1.32400819e+00	6.38512869e-01	6.85495322e-01
3464            	-2.34865952e-02	3.97744719e-02	1.32414967e+00	6.38588241e-01	6.85561432e-01
3465            	-2.34819721e-02	3.97538870e-02	1.32429394e+00	6.38664996e-01	6.85628940e-01
3466            	-2.34774146e-02	3.97330972e-02	1.32444001e+00	6.38742591e-01	6.85697421e-01
3467            	-2.34729942e-02	3.97123289e-02	1.32458645e+00	6.38820230e-01	6.85766218e-01
3468            	-2.34687975e-02	3.96917546e-02	1.32473166e+00	6.38897035e-01	6.85834630e-01
3469            	-2.34649302e-02	3.96714071e-02	1.32487439e+00	6.38972263e-01	6.85902124e-01
3470            	-2.34614987e-02	3.96512203e-02	1.32501380e+00	6.39045400e-01	6.85968398e-01
3471            	-2.34585985e-02	3.96310922e-02	1.32514955e+00	6.39116176e-01	6.86033373e-01
3472            	-2.34562752e-02	3.96108976e-02	1.32528180e+00	6.39184627e-01	6.86097177e-01
3473            	-2.34545588e-02	3.95905304e-02	1.32541098e+00	6.39250933e-01	6.86160050e-01
3474            	-2.34534455e-02	3.95699377e-02	1.32553765e+00	6.39315378e-01	6.86222270e-01
3475            	-2.34529013e-02	3.95491216e-02	1.32566236e+00	6.39378280e-01	6.86284082e-01
3476            	-2.34528726e-02	3.95281225e-02	1.32578558e+00	6.39439919e-01	6.86345664e-01
3477            	-2.34533092e-02	3.95069993e-02	1.32590760e+00	6.39500492e-01	6.86407110e-01
3478            	-2.34541249e-02	3.94858228e-02	1.32602859e+00	6.39560169e-01	6.86468418e-01
3479            	-2.34552644e-02	3.94646383e-02	1.32614850e+00	6.39618986e-01	6.86529515e-01
3480            	-2.34567067e-02	3.94434326e-02	1.32626722e+00	6.39676902e-01	6.86590316e-01
3481            	-2.34584522e-02	3.94221771e-02	1.32638452e+00	6.39733806e-01	6.86650710e-01
3482            	-2.34607681e-02	3.94019323e-02	1.32649049e+00	6.39784479e-01	6.86706015e-01
3483            	-2.34632942e-02	3.93796241e-02	1.32660759e+00	6.39840500e-01	6.86767088e-01
3484            	-2.34663370e-02	3.93584300e-02	1.32671361e+00	6.39890466e-01	6.86823140e-01
3485            	-2.34697549e-02	3.93351929e-02	1.32683010e+00	6.39945296e-01	6.86884806e-01
3486            	-2.34736457e-02	3.93133622e-02	1.32693456e+00	6.39993633e-01	6.86940925e-01
3487            	-2.34780400e-02	3.92909441e-02	1.32703860e+00	6.40041262e-01	6.86997342e-01
3488            	-2.34829856e-02	3.92679247e-02	1.32714213e+00	6.40088079e-01	6.87054050e-01
3489            	-2.34885139e-02	3.92443624e-02	1.32724475e+00	6.40133859e-01	6.87110887e-01
3490            	-2.34946407e-02	3.92203506e-02	1.32734590e+00	6.40178308e-01	6.87167589e-01
3491            	-2.35013918e-02	3.91959697e-02	1.32744494e+00	6.40221080e-01	6.87223864e-01
3492            	-2.35087353e-02	3.91712970e-02	1.32754138e+00	6.40261957e-01	6.87279428e-01
3493            	-2.35166730e-02	3.91463516e-02	1.32763480e+00	6.40300725e-01	6.87334071e-01
3494            	-2.35252132e-02	3.91211135e-02	1.32772493e+00	6.40337252e-01	6.87387678e-01
3495            	-2.35343863e-02	3.90955335e-02	1.32781170e+00	6.40371464e-01	6.87440236e-01
3496            	-2.35431800e-02	3.90717305e-02	1.32788631e+00	6.40399973e-01	6.87486333e-01
3497            	-2.35539779e-02	3.90440698e-02	1.32797095e+00	6.40431496e-01	6.87539452e-01
3498            	-2.35642307e-02	3.90184448e-02	1.32804488e+00	6.40458209e-01	6.87586670e-01
3499            	-2.35753631e-02	3.89915161e-02	1.32812006e+00	6.40484669e-01	6.87635395e-01
3500            	-2.35873588e-02	3.89634690e-02	1.32819640e+00	6.40510842e-01	6.87685559e-01
3501            	-2.36001037e-02	3.89346940e-02	1.32827306e+00	6.40536425e-01	6.87736633e-01
3502            	-2.36134443e-02	3.89056255e-02	1.32834882e+00	6.40560967e-01	6.87787856e-01
3503            	-2.36271608e-02	3.88766358e-02	1.32842265e+00	6.40584166e-01	6.87838488e-01
3504            	-2.36410949e-02	3.88479212e-02	1.32849379e+00	6.40605800e-01	6.87887990e-01
3505            	-2.36551633e-02	3.88194997e-02	1.32856192e+00	6.40625796e-01	6.87936122e-01
3506            	-2.36692822e-02	3.87913016e-02	1.32862720e+00	6.40644317e-01	6.87982881e-01
3507            	-2.36834491e-02	3.87631769e-02	1.32869002e+00	6.40661561e-01	6.88028460e-01
3508            	-2.36977105e-02	3.87349611e-02	1.32875087e+00	6.40677722e-01	6.88073143e-01
3509            	-2.37120728e-02	3.87065512e-02	1.32881026e+00	6.40693057e-01	6.88117202e-01
3510            	-2.37265897e-02	3.86778650e-02	1.32886858e+00	6.40707700e-01	6.88160879e-01
3511            	-2.37412549e-02	3.86488981e-02	1.32892613e+00	6.40721809e-01	6.88204319e-01
3512            	-2.37560785e-02	3.86196707e-02	1.32898303e+00	6.40735437e-01	6.88247594e-01
3513            	-2.37710626e-02	3.85902318e-02	1.32903929e+00	6.40748584e-01	6.88290709e-01
3514            	-2.37838831e-02	3.85642436e-02	1.32908847e+00	6.40760353e-01	6.88328120e-01
3515            	-2.37994564e-02	3.85334516e-02	1.32914579e+00	6.40773438e-01	6.88372350e-01
3516            	-2.38152365e-02	3.85025137e-02	1.32920302e+00	6.40786275e-01	6.88416748e-01
3517            	-2.38310422e-02	3.84717952e-02	1.32925948e+00	6.40798696e-01	6.88460780e-01
3518            	-2.38443391e-02	3.84452457e-02	1.32930812e+00	6.40809722e-01	6.88498400e-01
3519            	-2.38601064e-02	3.84145053e-02	1.32936378e+00	6.40821783e-01	6.88541996e-01
3520            	-2.38756063e-02	3.83843228e-02	1.32941827e+00	6.40833528e-01	6.88584740e-01
3521            	-2.38883856e-02	3.83584888e-02	1.32946490e+00	6.40844065e-01	6.88620836e-01
3522            	-2.39032713e-02	3.83288345e-02	1.32951821e+00	6.40855833e-01	6.88662375e-01
3523            	-2.39154840e-02	3.83033949e-02	1.32956428e+00	6.40866658e-01	6.88697626e-01
3524            	-2.39296885e-02	3.82741292e-02	1.32961759e+00	6.40879105e-01	6.88738482e-01
3525            	-2.39413131e-02	3.82490465e-02	1.32966389e+00	6.40890630e-01	6.88773256e-01
3526            	-2.39547886e-02	3.82202646e-02	1.32971771e+00	6.40904068e-01	6.88813646e-01
3527            	-2.39657661e-02	3.81956915e-02	1.32976435e+00	6.40916407e-01	6.88847939e-01
3528            	-2.39783939e-02	3.81676379e-02	1.32981853e+00	6.40930873e-01	6.88887661e-01
3529            	-2.39886271e-02	3.81437550e-02	1.32986517e+00	6.40943957e-01	6.88921211e-01
3530            	-2.39985677e-02	3.81198601e-02	1.32991238e+00	6.40957621e-01	6.88954757e-01
3531            	-2.40099746e-02	3.80924667e-02	1.32996785e+00	6.40973951e-01	6.88993901e-01
3532            	-2.40191941e-02	3.80691745e-02	1.33001553e+00	6.40988570e-01	6.89026958e-01
3533            	-2.40280700e-02	3.80459643e-02	1.33006376e+00	6.41003812e-01	6.89059952e-01
3534            	-2.40366590e-02	3.80227318e-02	1.33011285e+00	6.41019765e-01	6.89093083e-01
3535            	-2.40463559e-02	3.79962550e-02	1.33017077e+00	6.41039028e-01	6.89131740e-01
3536            	-2.40540907e-02	3.79740426e-02	1.33021982e+00	6.41055818e-01	6.89164000e-01
3537            	-2.40613589e-02	3.79522466e-02	1.33026881e+00	6.41073044e-01	6.89195762e-01
3538            	-2.40682031e-02	3.79307760e-02	1.33031794e+00	6.41090769e-01	6.89227175e-01
3539            	-2.40746343e-02	3.79095901e-02	1.33036755e+00	6.41109142e-01	6.89258411e-01
3540            	-2.40806939e-02	3.78886619e-02	1.33041778e+00	6.41128194e-01	6.89289582e-01
3541            	-2.40863682e-02	3.78680461e-02	1.33046874e+00	6.41148001e-01	6.89320738e-01
3542            	-2.40916765e-02	3.78477954e-02	1.33052032e+00	6.41168483e-01	6.89351836e-01
3543            	-2.40965802e-02	3.78280184e-02	1.33057240e+00	6.41189619e-01	6.89382779e-01
3544            	-2.41010892e-02	3.78087769e-02	1.33062467e+00	6.41211247e-01	6.89413425e-01
3545            	-2.41051632e-02	3.77901537e-02	1.33067696e+00	6.41233318e-01	6.89443644e-01
3546            	-2.41088281e-02	3.77721567e-02	1.33072897e+00	6.41255656e-01	6.89473312e-01
3547            	-2.41120620e-02	3.77548104e-02	1.33078058e+00	6.41278229e-01	6.89502353e-01
3548            	-2.41149184e-02	3.77380594e-02	1.33083162e+00	6.41300893e-01	6.89530730e-01
3549            	-2.41173962e-02	3.77218772e-02	1.33088214e+00	6.41323675e-01	6.89558468e-01
3550            	-2.41195700e-02	3.77061712e-02	1.33093209e+00	6.41346474e-01	6.89585614e-01
3551            	-2.41214452e-02	3.76909057e-02	1.33098162e+00	6.41369362e-01	6.89612253e-01
3552            	-2.41231026e-02	3.76759902e-02	1.33103072e+00	6.41392258e-01	6.89638463e-01
3553            	-2.41245462e-02	3.76614076e-02	1.33107954e+00	6.41415223e-01	6.89664315e-01
3554            	-2.41258530e-02	3.76470889e-02	1.33112801e+00	6.41438154e-01	6.89689860e-01
3555            	-2.41270128e-02	3.76330440e-02	1.33117624e+00	6.41461109e-01	6.89715134e-01
3556            	-2.41280856e-02	3.76192294e-02	1.33122415e+00	6.41483989e-01	6.89740160e-01
3557            	-2.41290354e-02	3.76056819e-02	1.33127184e+00	6.41506885e-01	6.89764955e-01
3558            	-2.41299086e-02	3.75923850e-02	1.33131915e+00	6.41529665e-01	6.89789482e-01
3559            	-2.41306607e-02	3.75793972e-02	1.33136606e+00	6.41552370e-01	6.89813692e-01
3560            	-2.41313342e-02	3.75667045e-02	1.33141239e+00	6.41574863e-01	6.89837531e-01
3561            	-2.41318821e-02	3.75543585e-02	1.33145816e+00	6.41597200e-01	6.89860965e-01
3562            	-2.41323515e-02	3.75423181e-02	1.33150328e+00	6.41619288e-01	6.89883991e-01
3563            	-2.41326975e-02	3.75306514e-02	1.33154770e+00	6.41641155e-01	6.89906550e-01
3564            	-2.41329761e-02	3.75193191e-02	1.33159132e+00	6.41662684e-01	6.89928636e-01
3565            	-2.41331541e-02	3.75083477e-02	1.33163422e+00	6.41683955e-01	6.89950263e-01
3566            	-2.41332975e-02	3.74976829e-02	1.33167630e+00	6.41704855e-01	6.89971450e-01
3567            	-2.41333781e-02	3.74873413e-02	1.33171771e+00	6.41725475e-01	6.89992231e-01
3568            	-2.41334635e-02	3.74772623e-02	1.33175834e+00	6.41745708e-01	6.90012635e-01
3569            	-2.41335283e-02	3.74674611e-02	1.33179831e+00	6.41765625e-01	6.90032682e-01
3570            	-2.41336414e-02	3.74578758e-02	1.33183747e+00	6.41785094e-01	6.90052377e-01
3571            	-2.41337752e-02	3.74485201e-02	1.33187590e+00	6.41804175e-01	6.90071725e-01
3572            	-2.41339930e-02	3.74393324e-02	1.33191346e+00	6.41822735e-01	6.90090721e-01
3573            	-2.41342600e-02	3.74303311e-02	1.33195020e+00	6.41840840e-01	6.90109360e-01
3574            	-2.41346293e-02	3.74214609e-02	1.33198600e+00	6.41858370e-01	6.90127629e-01
3575            	-2.41351787e-02	3.74134027e-02	1.33201732e+00	6.41873479e-01	6.90143837e-01
3576            	-2.41358563e-02	3.74050302e-02	1.33204969e+00	6.41888988e-01	6.90160701e-01
3577            	-2.41366158e-02	3.73963757e-02	1.33208319e+00	6.41904982e-01	6.90178213e-01
3578            	-2.41374686e-02	3.73875455e-02	1.33211708e+00	6.41921072e-01	6.90196009e-01
3579            	-2.41383254e-02	3.73788026e-02	1.33215036e+00	6.41936855e-01	6.90213505e-01
3580            	-2.41391887e-02	3.73702989e-02	1.33218206e+00	6.41951841e-01	6.90230218e-01
3581            	-2.41399910e-02	3.73621644e-02	1.33221187e+00	6.41965944e-01	6.90245926e-01
3582            	-2.41407734e-02	3.73543526e-02	1.33223981e+00	6.41979132e-01	6.90260679e-01
3583            	-2.41415100e-02	3.73468301e-02	1.33226636e+00	6.41991672e-01	6.90274692e-01
3584            	-2.41422633e-02	3.73394831e-02	1.33229192e+00	6.42003696e-01	6.90288222e-01
3585            	-2.41430196e-02	3.73322783e-02	1.33231694e+00	6.42015452e-01	6.90301491e-01
3586            	-2.41438375e-02	3.73251450e-02	1.33234160e+00	6.42026963e-01	6.90314638e-01
3587            	-2.41446984e-02	3.73180980e-02	1.33236604e+00	6.42038321e-01	6.90327718e-01
3588            	-2.41456485e-02	3.73111104e-02	1.33239012e+00	6.42049413e-01	6.90340710e-01
3589            	-2.41466584e-02	3.73042238e-02	1.33241377e+00	6.42060228e-01	6.90353545e-01
3590            	-2.41477600e-02	3.72974250e-02	1.33243674e+00	6.42070610e-01	6.90366130e-01
3591            	-2.41489160e-02	3.72907546e-02	1.33245890e+00	6.42080535e-01	6.90378367e-01
3592            	-2.41501076e-02	3.72842341e-02	1.33248013e+00	6.42089956e-01	6.90390172e-01
3593            	-2.41513621e-02	3.72778358e-02	1.33250024e+00	6.42098760e-01	6.90401484e-01
3594            	-2.41526435e-02	3.72715816e-02	1.33251928e+00	6.42106996e-01	6.90412283e-01
3595            	-2.41539741e-02	3.72654391e-02	1.33253721e+00	6.42114630e-01	6.90422578e-01
3596            	-2.41553209e-02	3.72594213e-02	1.33255414e+00	6.42121751e-01	6.90432393e-01
3597            	-2.41566690e-02	3.72535296e-02	1.33257019e+00	6.42128426e-01	6.90441764e-01
3598            	-2.41580495e-02	3.72477246e-02	1.33258536e+00	6.42134628e-01	6.90450727e-01
3599            	-2.41594376e-02	3.72420221e-02	1.33259975e+00	6.42140436e-01	6.90459311e-01
3600            	-2.41608258e-02	3.72364266e-02	1.33261342e+00	6.42145886e-01	6.90467538e-01
3601            	-2.41622481e-02	3.72309069e-02	1.33262634e+00	6.42150923e-01	6.90475419e-01
3602            	-2.41636788e-02	3.72254895e-02	1.33263856e+00	6.42155599e-01	6.90482957e-01
3603            	-2.41651436e-02	3.72201547e-02	1.33265002e+00	6.42159866e-01	6.90490153e-01
3604            	-2.41666079e-02	3.72149393e-02	1.33266080e+00	6.42163791e-01	6.90497007e-01
3605            	-2.41680510e-02	3.72098671e-02	1.33267094e+00	6.42167419e-01	6.90503521e-01
3606            	-2.41694889e-02	3.72049279e-02	1.33268043e+00	6.42170728e-01	6.90509706e-01
3607            	-2.41708843e-02	3.72001619e-02	1.33268934e+00	6.42173787e-01	6.90515556e-01
3608            	-2.41722164e-02	3.71955930e-02	1.33269774e+00	6.42176652e-01	6.90521085e-01
3609            	-2.41735086e-02	3.71912044e-02	1.33270560e+00	6.42179293e-01	6.90526310e-01
3610            	-2.41747296e-02	3.71870265e-02	1.33271305e+00	6.42181797e-01	6.90531256e-01
3611            	-2.41759083e-02	3.71830304e-02	1.33272008e+00	6.42184131e-01	6.90535948e-01
3612            	-2.41770187e-02	3.71792411e-02	1.33272677e+00	6.42186367e-01	6.90540404e-01
3613            	-2.41780504e-02	3.71756795e-02	1.33273315e+00	6.42188527e-01	6.90544628e-01
3614            	-2.41790424e-02	3.71723111e-02	1.33273916e+00	6.42190537e-01	6.90548622e-01
3615            	-2.41799793e-02	3.71691496e-02	1.33274482e+00	6.42192430e-01	6.90552388e-01
3616            	-2.41808619e-02	3.71661983e-02	1.33275010e+00	6.42194191e-01	6.90555914e-01
3617            	-2.41817282e-02	3.71634334e-02	1.33275490e+00	6.42195723e-01	6.90559179e-01
3618            	-2.41825617e-02	3.71608729e-02	1.33275922e+00	6.42197049e-01	6.90562172e-01
3619            	-2.41833591e-02	3.71585265e-02	1.33276304e+00	6.42198161e-01	6.90564879e-01
3620            	-2.41841558e-02	3.71563696e-02	1.33276627e+00	6.42198979e-01	6.90567290e-01
3621            	-2.41849279e-02	3.71544294e-02	1.33276896e+00	6.42199553e-01	6.90569409e-01
3622            	-2.41856656e-02	3.71527200e-02	1.33277116e+00	6.42199913e-01	6.90571244e-01
3623            	-2.41864027e-02	3.71512130e-02	1.33277281e+00	6.42200004e-01	6.90572810e-01
3624            	-2.41871128e-02	3.71499321e-02	1.33277405e+00	6.42199914e-01	6.90574139e-01
3625            	-2.41877904e-02	3.71488798e-02	1.33277494e+00	6.42199678e-01	6.90575259e-01
3626            	-2.41884688e-02	3.71480194e-02	1.33277545e+00	6.42199254e-01	6.90576192e-01
3627            	-2.41891262e-02	3.71473634e-02	1.33277566e+00	6.42198705e-01	6.90576957e-01
3628            	-2.41897548e-02	3.71469140e-02	1.33277562e+00	6.42198057e-01	6.90577567e-01
3629            	-2.41903831e-02	3.71466390e-02	1.33277529e+00	6.42197260e-01	6.90578027e-01
3630            	-2.41909877e-02	3.71465528e-02	1.33277471e+00	6.42196366e-01	6.90578341e-01
3631            	-2.41915620e-02	3.71466583e-02	1.33277389e+00	6.42195385e-01	6.90578509e-01
3632            	-2.41921368e-02	3.71469235e-02	1.33277277e+00	6.42194250e-01	6.90578524e-01
3633            	-2.41926932e-02	3.71473618e-02	1.33277138e+00	6.42192997e-01	6.90578383e-01
3634            	-2.41932267e-02	3.71479795e-02	1.33276971e+00	6.42191627e-01	6.90578080e-01
3635            	-2.41937708e-02	3.71487478e-02	1.33276767e+00	6.42190066e-01	6.90577607e-01
3636            	-2.41943090e-02	3.71496841e-02	1.33276531e+00	6.42188344e-01	6.90576962e-01
3637            	-2.41948380e-02	3.71507971e-02	1.33276261e+00	6.42186467e-01	6.90576143e-01
3638            	-2.41953918e-02	3.71520602e-02	1.33275952e+00	6.42184369e-01	6.90575153e-01
3639            	-2.41959543e-02	3.71534920e-02	1.33275609e+00	6.42182089e-01	6.90573997e-01
3640            	-2.41965236e-02	3.71551008e-02	1.33275232e+00	6.42179637e-01	6.90572684e-01
3641            	-2.41971356e-02	3.71568563e-02	1.33274818e+00	6.42176952e-01	6.90571223e-01
3642            	-2.41977729e-02	3.71587734e-02	1.33274372e+00	6.42174088e-01	6.90569634e-01
3643            	-2.41984322e-02	3.71608546e-02	1.33273900e+00	6.42171066e-01	6.90567931e-01
3644            	-2.41991461e-02	3.71630659e-02	1.33273397e+00	6.42167837e-01	6.90566129e-01
3645            	-2.41998938e-02	3.71654218e-02	1.33272869e+00	6.42164453e-01	6.90564240e-01
3646            	-2.42006713e-02	3.71679387e-02	1.33272316e+00	6.42160910e-01	6.90562253e-01
3647            	-2.42015101e-02	3.71705785e-02	1.33271732e+00	6.42157149e-01	6.90560169e-01
3648            	-2.42023863e-02	3.71733421e-02	1.33271123e+00	6.42153226e-01	6.90557999e-01
3649            	-2.42032926e-02	3.71762138e-02	1.33270491e+00	6.42149163e-01	6.90555748e-01
3650            	-2.42043081e-02	3.71796695e-02	1.33269725e+00	6.42144318e-01	6.90552934e-01
3651            	-2.42053016e-02	3.71828314e-02	1.33269020e+00	6.42139797e-01	6.90550401e-01
3652            	-2.42062969e-02	3.71857997e-02	1.33268349e+00	6.42135449e-01	6.90548043e-01
3653            	-2.42073588e-02	3.71886561e-02	1.33267675e+00	6.42131018e-01	6.90545735e-01
3654            	-2.42084899e-02	3.71915077e-02	1.33266976e+00	6.42126392e-01	6.90543372e-01
3655            	-2.42096989e-02	3.71944238e-02	1.33266233e+00	6.42121466e-01	6.90540864e-01
3656            	-2.42110245e-02	3.71974127e-02	1.33265425e+00	6.42116100e-01	6.90538149e-01
3657            	-2.42124483e-02	3.72005025e-02	1.33264549e+00	6.42110296e-01	6.90535192e-01
3658            	-2.42139620e-02	3.72036876e-02	1.33263605e+00	6.42104062e-01	6.90531986e-01
3659            	-2.42155931e-02	3.72069079e-02	1.33262592e+00	6.42097369e-01	6.90528555e-01
3660            	-2.42173107e-02	3.72101489e-02	1.33261527e+00	6.42090324e-01	6.90524946e-01
3661            	-2.42190955e-02	3.72133901e-02	1.33260423e+00	6.42083019e-01	6.90521210e-01
3662            	-2.42209714e-02	3.72165866e-02	1.33259285e+00	6.42075455e-01	6.90517397e-01
3663            	-2.42229039e-02	3.72197630e-02	1.33258128e+00	6.42067737e-01	6.90513545e-01
3664            	-2.42248765e-02	3.72229441e-02	1.33256958e+00	6.42059915e-01	6.90509668e-01
3665            	-2.42269194e-02	3.72261209e-02	1.33255770e+00	6.42051931e-01	6.90505770e-01
3666            	-2.42290054e-02	3.72293382e-02	1.33254567e+00	6.42043830e-01	6.90501841e-01
3667            	-2.42311247e-02	3.72326177e-02	1.33253348e+00	6.42035617e-01	6.90497866e-01
3668            	-2.42333148e-02	3.72359287e-02	1.33252104e+00	6.42027205e-01	6.90493834e-01
3669            	-2.42355526e-02	3.72392875e-02	1.33250836e+00	6.42018626e-01	6.90489731e-01
3670            	-2.42378303e-02	3.72426813e-02	1.33249544e+00	6.42009889e-01	6.90485550e-01
3671            	-2.42401983e-02	3.72460582e-02	1.33248214e+00	6.42000874e-01	6.90481271e-01
3672            	-2.42426261e-02	3.72493993e-02	1.33246857e+00	6.41991658e-01	6.90476910e-01
3673            	-2.42451116e-02	3.72526884e-02	1.33245469e+00	6.41982233e-01	6.90472456e-01
3674            	-2.42477035e-02	3.72558700e-02	1.33244040e+00	6.41972495e-01	6.90467902e-01
3675            	-2.42503727e-02	3.72589505e-02	1.33242576e+00	6.41962507e-01	6.90463252e-01
3676            	-2.42531060e-02	3.72619249e-02	1.33241081e+00	6.41952298e-01	6.90458510e-01
3677            	-2.42559433e-02	3.72647242e-02	1.33239549e+00	6.41941802e-01	6.90453688e-01
3678            	-2.42587629e-02	3.72673555e-02	1.33238031e+00	6.41931394e-01	6.90448920e-01
3679            	-2.42615191e-02	3.72699260e-02	1.33236535e+00	6.41921156e-01	6.90444194e-01
3680            	-2.42642969e-02	3.72725024e-02	1.33235017e+00	6.41910789e-01	6.90439383e-01
3681            	-2.42671140e-02	3.72751564e-02	1.33233455e+00	6.41900159e-01	6.90434387e-01
3682            	-2.42699980e-02	3.72779076e-02	1.33231830e+00	6.41889151e-01	6.90429148e-01
3683            	-2.42730084e-02	3.72807043e-02	1.33230132e+00	6.41877652e-01	6.90423668e-01
3684            	-2.42761195e-02	3.72835329e-02	1.33228375e+00	6.41865757e-01	6.90417996e-01
3685            	-2.42797252e-02	3.72867098e-02	1.33226354e+00	6.41852046e-01	6.90411496e-01
3686            	-2.42834415e-02	3.72897032e-02	1.33224315e+00	6.41838133e-01	6.90405016e-01
3687            	-2.42867619e-02	3.72922274e-02	1.33222516e+00	6.41825820e-01	6.90399344e-01
3688            	-2.42903943e-02	3.72949984e-02	1.33220570e+00	6.41812455e-01	6.90393243e-01
3689            	-2.42935519e-02	3.72973644e-02	1.33218887e+00	6.41800882e-01	6.90387986e-01
3690            	-2.42970247e-02	3.73000460e-02	1.33217030e+00	6.41788125e-01	6.90382174e-01
3691            	-2.43004335e-02	3.73027039e-02	1.33215185e+00	6.41775492e-01	6.90376359e-01
3692            	-2.43038457e-02	3.73053007e-02	1.33213325e+00	6.41762782e-01	6.90370473e-01
3693            	-2.43072549e-02	3.73078413e-02	1.33211444e+00	6.41749966e-01	6.90364476e-01
3694            	-2.43106472e-02	3.73103119e-02	1.33209546e+00	6.41737084e-01	6.90358378e-01
3695            	-2.43140967e-02	3.73126733e-02	1.33207609e+00	6.41723947e-01	6.90352141e-01
3696            	-2.43175894e-02	3.73149372e-02	1.33205635e+00	6.41710586e-01	6.90345765e-01
3697            	-2.43211274e-02	3.73171112e-02	1.33203625e+00	6.41696996e-01	6.90339251e-01
3698            	-2.43247556e-02	3.73191731e-02	1.33201570e+00	6.41683094e-01	6.90332605e-01
3699            	-2.43284491e-02	3.73211546e-02	1.33199478e+00	6.41668941e-01	6.90325839e-01
3700            	-2.43321971e-02	3.73230777e-02	1.33197353e+00	6.41654565e-01	6.90318960e-01
3701            	-2.43365871e-02	3.73249564e-02	1.33194913e+00	6.41637977e-01	6.90311151e-01
3702            	-2.43402363e-02	3.73266796e-02	1.33192859e+00	6.41624059e-01	6.90304532e-01
3703            	-2.43439023e-02	3.73284306e-02	1.33190785e+00	6.41610021e-01	6.90297826e-01
3704            	-2.43476066e-02	3.73302466e-02	1.33188667e+00	6.41595729e-01	6.90290943e-01
3705            	-2.43513941e-02	3.73321003e-02	1.33186492e+00	6.41581064e-01	6.90283853e-01
3706            	-2.43552286e-02	3.73339912e-02	1.33184270e+00	6.41566123e-01	6.90276580e-01
3707            	-2.43590796e-02	3.73358974e-02	1.33182020e+00	6.41551018e-01	6.90269178e-01
3708            	-2.43629164e-02	3.73377965e-02	1.33179759e+00	6.41535877e-01	6.90261710e-01
3709            	-2.43667568e-02	3.73396401e-02	1.33177496e+00	6.41520723e-01	6.90254237e-01
3710            	-2.43705609e-02	3.73414396e-02	1.33175246e+00	6.41505669e-01	6.90246791e-01
3711            	-2.43737569e-02	3.73430918e-02	1.33173309e+00	6.41492788e-01	6.90240301e-01
3712            	-2.43775401e-02	3.73448914e-02	1.33171039e+00	6.41477656e-01	6.90232737e-01
3713            	-2.43813608e-02	3.73466457e-02	1.33168733e+00	6.41462304e-01	6.90225025e-01
3714            	-2.43852249e-02	3.73483305e-02	1.33166388e+00	6.41446717e-01	6.90217167e-01
3715            	-2.43885062e-02	3.73498591e-02	1.33164347e+00	6.41433229e-01	6.90210241e-01
3716            	-2.43924870e-02	3.73514363e-02	1.33161913e+00	6.41417080e-01	6.90202054e-01
3717            	-2.43958699e-02	3.73528676e-02	1.33159798e+00	6.41403121e-01	6.90194861e-01
3718            	-2.43999641e-02	3.73543396e-02	1.33157274e+00	6.41386404e-01	6.90186332e-01
3719            	-2.44034148e-02	3.73556933e-02	1.33155093e+00	6.41372051e-01	6.90178881e-01
3720            	-2.44076219e-02	3.73570387e-02	1.33152493e+00	6.41354842e-01	6.90170086e-01
3721            	-2.44111402e-02	3.73582904e-02	1.33150270e+00	6.41340208e-01	6.90162489e-01
3722            	-2.44146415e-02	3.73595580e-02	1.33148040e+00	6.41325557e-01	6.90154840e-01
3723            	-2.44188604e-02	3.73608613e-02	1.33145388e+00	6.41308077e-01	6.90145798e-01
3724            	-2.44223660e-02	3.73620974e-02	1.33143134e+00	6.41293304e-01	6.90138036e-01
3725            	-2.44258385e-02	3.73633632e-02	1.33140881e+00	6.41278565e-01	6.90130242e-01
3726            	-2.44300149e-02	3.73646629e-02	1.33138206e+00	6.41261016e-01	6.90121046e-01
3727            	-2.44334108e-02	3.73659350e-02	1.33135958e+00	6.41246380e-01	6.90113201e-01
3728            	-2.44367714e-02	3.73672205e-02	1.33133719e+00	6.41231822e-01	6.90105365e-01
3729            	-2.44400785e-02	3.73685474e-02	1.33131484e+00	6.41217341e-01	6.90097498e-01
3730            	-2.44433449e-02	3.73699205e-02	1.33129239e+00	6.41202850e-01	6.90089540e-01
3731            	-2.44473219e-02	3.73713254e-02	1.33126541e+00	6.41185384e-01	6.90080027e-01
3732            	-2.44505854e-02	3.73726378e-02	1.33124265e+00	6.41170741e-01	6.90071911e-01
3733            	-2.44538137e-02	3.73739340e-02	1.33121997e+00	6.41156170e-01	6.90063797e-01
3734            	-2.44569999e-02	3.73752263e-02	1.33119735e+00	6.41141676e-01	6.90055676e-01
3735            	-2.44601498e-02	3.73765246e-02	1.33117473e+00	6.41127215e-01	6.90047514e-01
3736            	-2.44640396e-02	3.73777632e-02	1.33114757e+00	6.41109747e-01	6.90037827e-01
3737            	-2.44671821e-02	3.73789533e-02	1.33112493e+00	6.41095283e-01	6.90029647e-01
3738            	-2.44702651e-02	3.73801396e-02	1.33110252e+00	6.41080994e-01	6.90021524e-01
3739            	-2.44732839e-02	3.73813477e-02	1.33108028e+00	6.41066856e-01	6.90013424e-01
3740            	-2.44762820e-02	3.73825686e-02	1.33105803e+00	6.41052732e-01	6.90005296e-01
3741            	-2.44799482e-02	3.73837730e-02	1.33103134e+00	6.41035724e-01	6.89995620e-01
3742            	-2.44828804e-02	3.73849770e-02	1.33100910e+00	6.41021667e-01	6.89987428e-01
3743            	-2.44857461e-02	3.73862054e-02	1.33098702e+00	6.41007763e-01	6.89979255e-01
3744            	-2.44885829e-02	3.73874460e-02	1.33096499e+00	6.40993913e-01	6.89971079e-01
3745            	-2.44913770e-02	3.73887255e-02	1.33094296e+00	6.40980101e-01	6.89962855e-01
3746            	-2.44948062e-02	3.73899982e-02	1.33091647e+00	6.40963429e-01	6.89953042e-01
3747            	-2.44975458e-02	3.73912573e-02	1.33089437e+00	6.40949641e-01	6.89944732e-01
3748            	-2.45002660e-02	3.73925038e-02	1.33087239e+00	6.40935931e-01	6.89936463e-01
3749            	-2.45029396e-02	3.73937714e-02	1.33085055e+00	6.40922337e-01	6.89928216e-01
3750            	-2.45062080e-02	3.73950206e-02	1.33082453e+00	6.40906056e-01	6.89918472e-01
3751            	-2.45088012e-02	3.73962702e-02	1.33080294e+00	6.40892667e-01	6.89910269e-01
3752            	-2.45113597e-02	3.73975233e-02	1.33078157e+00	6.40879423e-01	6.89902142e-01
3753            	-2.45138598e-02	3.73988186e-02	1.33076036e+00	6.40866320e-01	6.89894040e-01
3754            	-2.45169112e-02	3.74001269e-02	1.33073504e+00	6.40850608e-01	6.89884430e-01
3755            	-2.45193265e-02	3.74014385e-02	1.33071394e+00	6.40837641e-01	6.89876294e-01
3756            	-2.45217156e-02	3.74027574e-02	1.33069293e+00	6.40824750e-01	6.89868181e-01
3757            	-2.45240589e-02	3.74041129e-02	1.33067197e+00	6.40811928e-01	6.89860046e-01
3758            	-2.45273232e-02	3.74054155e-02	1.33064427e+00	6.40794811e-01	6.89849457e-01
3759            	-2.45294619e-02	3.74066610e-02	1.33062468e+00	6.40782880e-01	6.89841804e-01
3760            	-2.45321247e-02	3.74078977e-02	1.33060118e+00	6.40768466e-01	6.89832716e-01
3761            	-2.45342329e-02	3.74091679e-02	1.33058157e+00	6.40756552e-01	6.89825017e-01
3762            	-2.45363075e-02	3.74105181e-02	1.33056183e+00	6.40744606e-01	6.89817221e-01
3763            	-2.45383563e-02	3.74119515e-02	1.33054182e+00	6.40732556e-01	6.89809268e-01
3764            	-2.45412907e-02	3.74133600e-02	1.33051504e+00	6.40716231e-01	6.89798812e-01
3765            	-2.45432298e-02	3.74146811e-02	1.33049591e+00	6.40704727e-01	6.89791187e-01
3766            	-2.45456407e-02	3.74160137e-02	1.33047289e+00	6.40690805e-01	6.89782087e-01
3767            	-2.45475525e-02	3.74173468e-02	1.33045362e+00	6.40679257e-01	6.89774362e-01
3768            	-2.45494488e-02	3.74187304e-02	1.33043420e+00	6.40667651e-01	6.89766549e-01
3769            	-2.45513718e-02	3.74201425e-02	1.33041448e+00	6.40655870e-01	6.89758614e-01
3770            	-2.45541129e-02	3.74215249e-02	1.33038820e+00	6.40639986e-01	6.89748212e-01
3771            	-2.45559205e-02	3.74228183e-02	1.33036947e+00	6.40628814e-01	6.89740655e-01
3772            	-2.45584841e-02	3.74240649e-02	1.33034462e+00	6.40613826e-01	6.89730795e-01
3773            	-2.45601503e-02	3.74252881e-02	1.33032707e+00	6.40603384e-01	6.89723685e-01
3774            	-2.45618291e-02	3.74265800e-02	1.33030928e+00	6.40592809e-01	6.89716467e-01
3775            	-2.45635131e-02	3.74279858e-02	1.33029094e+00	6.40581956e-01	6.89708982e-01
3776            	-2.45659527e-02	3.74294579e-02	1.33026580e+00	6.40566947e-01	6.89698853e-01
3777            	-2.45675604e-02	3.74308433e-02	1.33024761e+00	6.40556247e-01	6.89691368e-01
3778            	-2.45691638e-02	3.74322725e-02	1.33022913e+00	6.40545400e-01	6.89683728e-01
3779            	-2.45715302e-02	3.74336653e-02	1.33020413e+00	6.40530534e-01	6.89673594e-01
3780            	-2.45730851e-02	3.74349563e-02	1.33018634e+00	6.40520084e-01	6.89666254e-01
3781            	-2.45746286e-02	3.74362827e-02	1.33016848e+00	6.40509609e-01	6.89658867e-01
3782            	-2.45761737e-02	3.74376655e-02	1.33015030e+00	6.40498979e-01	6.89651326e-01
3783            	-2.45784203e-02	3.74390408e-02	1.33012576e+00	6.40484458e-01	6.89641299e-01
3784            	-2.45799175e-02	3.74403055e-02	1.33010826e+00	6.40474211e-01	6.89634046e-01
3785            	-2.45814047e-02	3.74416009e-02	1.33009070e+00	6.40463943e-01	6.89626753e-01
3786            	-2.45828882e-02	3.74429467e-02	1.33007286e+00	6.40453542e-01	6.89619319e-01
3787            	-2.45843747e-02	3.74443395e-02	1.33005463e+00	6.40442940e-01	6.89611690e-01
3788            	-2.45865366e-02	3.74456926e-02	1.33003004e+00	6.40428483e-01	6.89601556e-01
3789            	-2.45879684e-02	3.74469109e-02	1.33001262e+00	6.40418340e-01	6.89594277e-01
3790            	-2.45893820e-02	3.74481325e-02	1.32999529e+00	6.40408263e-01	6.89587027e-01
3791            	-2.45907815e-02	3.74493874e-02	1.32997786e+00	6.40398150e-01	6.89579713e-01
3792            	-2.45921719e-02	3.74506856e-02	1.32996021e+00	6.40387932e-01	6.89572275e-01
3793            	-2.45935577e-02	3.74520189e-02	1.32994227e+00	6.40377576e-01	6.89564692e-01
3794            	-2.45956040e-02	3.74532625e-02	1.32991824e+00	6.40363518e-01	6.89554726e-01
3795            	-2.45969156e-02	3.74544173e-02	1.32990148e+00	6.40353822e-01	6.89547653e-01
3796            	-2.45981912e-02	3.74555836e-02	1.32988497e+00	6.40344294e-01	6.89540676e-01
3797            	-2.45994397e-02	3.74567929e-02	1.32986849e+00	6.40334804e-01	6.89533683e-01
3798            	-2.46006699e-02	3.74580567e-02	1.32985185e+00	6.40325257e-01	6.89526597e-01
3799            	-2.46019237e-02	3.74593431e-02	1.32983493e+00	6.40315541e-01	6.89519389e-01
3800            	-2.46031722e-02	3.74606559e-02	1.32981777e+00	6.40305712e-01	6.89512056e-01
3801            	-2.46044125e-02	3.74619730e-02	1.32980043e+00	6.40295801e-01	6.89504626e-01
3802            	-2.46056456e-02	3.74632707e-02	1.32978299e+00	6.40285847e-01	6.89497138e-01
3803            	-2.46068745e-02	3.74645292e-02	1.32976553e+00	6.40275892e-01	6.89489641e-01
3804            	-2.46081022e-02	3.74657362e-02	1.32974815e+00	6.40265973e-01	6.89482178e-01
3805            	-2.46093653e-02	3.74668638e-02	1.32973086e+00	6.40256066e-01	6.89474797e-01
3806            	-2.46106265e-02	3.74679415e-02	1.32971379e+00	6.40246268e-01	6.89467521e-01
3807            	-2.46118752e-02	3.74689838e-02	1.32969696e+00	6.40236605e-01	6.89460356e-01
3808            	-2.46131034e-02	3.74700055e-02	1.32968038e+00	6.40227088e-01	6.89453294e-01
3809            	-2.46143054e-02	3.74710195e-02	1.32966404e+00	6.40217714e-01	6.89446324e-01
3810            	-2.46154771e-02	3.74720362e-02	1.32964791e+00	6.40208477e-01	6.89439431e-01
3811            	-2.46166504e-02	3.74730385e-02	1.32963192e+00	6.40199311e-01	6.89432612e-01
3812            	-2.46177870e-02	3.74740559e-02	1.32961614e+00	6.40190282e-01	6.89425856e-01
3813            	-2.46188791e-02	3.74750937e-02	1.32960054e+00	6.40181391e-01	6.89419150e-01
3814            	-2.46199258e-02	3.74761515e-02	1.32958511e+00	6.40172629e-01	6.89412481e-01
3815            	-2.46209311e-02	3.74772245e-02	1.32956982e+00	6.40163980e-01	6.89405842e-01
3816            	-2.46219031e-02	3.74783050e-02	1.32955466e+00	6.40155425e-01	6.89399231e-01
3817            	-2.46228857e-02	3.74793600e-02	1.32953955e+00	6.40146888e-01	6.89392660e-01
3818            	-2.46238518e-02	3.74804059e-02	1.32952456e+00	6.40138429e-01	6.89386133e-01
3819            	-2.46248025e-02	3.74814388e-02	1.32950969e+00	6.40130044e-01	6.89379649e-01
3820            	-2.46257423e-02	3.74824537e-02	1.32949493e+00	6.40121725e-01	6.89373210e-01
3821            	-2.46266774e-02	3.74834452e-02	1.32948027e+00	6.40113460e-01	6.89366814e-01
3822            	-2.46276142e-02	3.74844084e-02	1.32946570e+00	6.40105236e-01	6.89360464e-01
3823            	-2.46285919e-02	3.74853166e-02	1.32945116e+00	6.40096988e-01	6.89354172e-01
3824            	-2.46295762e-02	3.74861937e-02	1.32943673e+00	6.40088789e-01	6.89347942e-01
3825            	-2.46305593e-02	3.74870450e-02	1.32942242e+00	6.40080650e-01	6.89341768e-01
3826            	-2.46315368e-02	3.74878737e-02	1.32940822e+00	6.40072574e-01	6.89335648e-01
3827            	-2.46325068e-02	3.74886819e-02	1.32939414e+00	6.40064562e-01	6.89329575e-01
3828            	-2.46334688e-02	3.74894708e-02	1.32938016e+00	6.40056610e-01	6.89323548e-01
3829            	-2.46344572e-02	3.74902184e-02	1.32936624e+00	6.40048663e-01	6.89317578e-01
3830            	-2.46354350e-02	3.74909506e-02	1.32935246e+00	6.40040795e-01	6.89311665e-01
3831            	-2.46363941e-02	3.74916728e-02	1.32933883e+00	6.40033019e-01	6.89305807e-01
3832            	-2.46373320e-02	3.74923869e-02	1.32932534e+00	6.40025337e-01	6.89300001e-01
3833            	-2.46382498e-02	3.74930924e-02	1.32931199e+00	6.40017744e-01	6.89294243e-01
3834            	-2.46391515e-02	3.74937870e-02	1.32929876e+00	6.40010230e-01	6.89288533e-01
3835            	-2.46400425e-02	3.74944680e-02	1.32928566e+00	6.40002787e-01	6.89282872e-01
3836            	-2.46409618e-02	3.74951097e-02	1.32927262e+00	6.39995350e-01	6.89277273e-01
3837            	-2.46418765e-02	3.74957349e-02	1.32925973e+00	6.39987987e-01	6.89271740e-01
3838            	-2.46427819e-02	3.74963460e-02	1.32924697e+00	6.39980704e-01	6.89266268e-01
3839            	-2.46436781e-02	3.74969426e-02	1.32923435e+00	6.39973497e-01	6.89260853e-01
3840            	-2.46445681e-02	3.74975221e-02	1.32922185e+00	6.39966355e-01	6.89255491e-01
3841            	-2.46454572e-02	3.74980809e-02	1.32920944e+00	6.39959264e-01	6.89250178e-01
3842            	-2.46463508e-02	3.74986153e-02	1.32919712e+00	6.39952210e-01	6.89244911e-01
3843            	-2.46472870e-02	3.74991000e-02	1.32918483e+00	6.39945128e-01	6.89239702e-01
3844            	-2.46482318e-02	3.74995577e-02	1.32917264e+00	6.39938088e-01	6.89234551e-01
3845            	-2.46491789e-02	3.74999914e-02	1.32916055e+00	6.39931097e-01	6.89229454e-01
3846            	-2.46501258e-02	3.75004020e-02	1.32914856e+00	6.39924155e-01	6.89224406e-01
3847            	-2.46510732e-02	3.75007885e-02	1.32913666e+00	6.39917258e-01	6.89219404e-01
3848            	-2.46520235e-02	3.75011491e-02	1.32912485e+00	6.39910400e-01	6.89214447e-01
3849            	-2.46529796e-02	3.75014821e-02	1.32911311e+00	6.39903573e-01	6.89209532e-01
3850            	-2.46539781e-02	3.75017640e-02	1.32910139e+00	6.39896719e-01	6.89204675e-01
3851            	-2.46549831e-02	3.75020191e-02	1.32908979e+00	6.39889912e-01	6.89199878e-01
3852            	-2.46559870e-02	3.75022517e-02	1.32907830e+00	6.39883164e-01	6.89195138e-01
3853            	-2.46569871e-02	3.75024633e-02	1.32906693e+00	6.39876477e-01	6.89190451e-01
3854            	-2.46579839e-02	3.75026532e-02	1.32905566e+00	6.39869847e-01	6.89185815e-01
3855            	-2.46589806e-02	3.75028193e-02	1.32904449e+00	6.39863265e-01	6.89181226e-01
3856            	-2.46597926e-02	3.75030612e-02	1.32903516e+00	6.39857788e-01	6.89177374e-01
3857            	-2.46608725e-02	3.75031694e-02	1.32902334e+00	6.39850798e-01	6.89172543e-01
3858            	-2.46619946e-02	3.75032176e-02	1.32901157e+00	6.39843792e-01	6.89167781e-01
3859            	-2.46631072e-02	3.75032327e-02	1.32900012e+00	6.39836955e-01	6.89163169e-01
3860            	-2.46640021e-02	3.75033400e-02	1.32899078e+00	6.39831387e-01	6.89159391e-01
3861            	-2.46651512e-02	3.75032910e-02	1.32897926e+00	6.39824480e-01	6.89154782e-01
3862            	-2.46660807e-02	3.75033411e-02	1.32896977e+00	6.39818806e-01	6.89150967e-01
3863            	-2.46672739e-02	3.75032181e-02	1.32895813e+00	6.39811791e-01	6.89146339e-01
3864            	-2.46682363e-02	3.75032025e-02	1.32894860e+00	6.39806065e-01	6.89142538e-01
3865            	-2.46692621e-02	3.75031335e-02	1.32893867e+00	6.39800073e-01	6.89138597e-01
3866            	-2.46706011e-02	3.75028400e-02	1.32892665e+00	6.39792726e-01	6.89133928e-01
3867            	-2.46716666e-02	3.75026861e-02	1.32891706e+00	6.39786863e-01	6.89130196e-01
3868            	-2.46727651e-02	3.75024922e-02	1.32890734e+00	6.39780904e-01	6.89126434e-01
3869            	-2.46738992e-02	3.75022563e-02	1.32889743e+00	6.39774815e-01	6.89122613e-01
3870            	-2.46750643e-02	3.75019783e-02	1.32888736e+00	6.39768616e-01	6.89118744e-01
3871            	-2.46762511e-02	3.75016612e-02	1.32887723e+00	6.39762364e-01	6.89114866e-01
3872            	-2.46774484e-02	3.75013101e-02	1.32886716e+00	6.39756129e-01	6.89111026e-01
3873            	-2.46786470e-02	3.75009318e-02	1.32885724e+00	6.39749971e-01	6.89107265e-01
3874            	-2.46798423e-02	3.75005320e-02	1.32884752e+00	6.39743917e-01	6.89103602e-01
3875            	-2.46810710e-02	3.75000898e-02	1.32883795e+00	6.39737904e-01	6.89100046e-01
3876            	-2.46822976e-02	3.74996319e-02	1.32882857e+00	6.39731986e-01	6.89096582e-01
3877            	-2.46835175e-02	3.74991616e-02	1.32881933e+00	6.39726146e-01	6.89093181e-01
3878            	-2.46847320e-02	3.74986768e-02	1.32881017e+00	6.39720354e-01	6.89089818e-01
3879            	-2.46859465e-02	3.74981722e-02	1.32880105e+00	6.39714579e-01	6.89086472e-01
3880            	-2.46871678e-02	3.74976409e-02	1.32879193e+00	6.39708797e-01	6.89083132e-01
3881            	-2.46884018e-02	3.74970769e-02	1.32878279e+00	6.39702994e-01	6.89079798e-01
3882            	-2.46896530e-02	3.74964762e-02	1.32877364e+00	6.39697169e-01	6.89076475e-01
3883            	-2.46909228e-02	3.74958372e-02	1.32876450e+00	6.39691330e-01	6.89073175e-01
3884            	-2.46922468e-02	3.74951375e-02	1.32875536e+00	6.39685432e-01	6.89069926e-01
3885            	-2.46935840e-02	3.74944061e-02	1.32874631e+00	6.39679573e-01	6.89066740e-01
3886            	-2.46949210e-02	3.74936521e-02	1.32873740e+00	6.39673779e-01	6.89063622e-01
3887            	-2.46962516e-02	3.74928796e-02	1.32872863e+00	6.39668064e-01	6.89060567e-01
3888            	-2.46975751e-02	3.74920895e-02	1.32871999e+00	6.39662422e-01	6.89057573e-01
3889            	-2.46988947e-02	3.74912797e-02	1.32871147e+00	6.39656841e-01	6.89054630e-01
3890            	-2.47002152e-02	3.74904470e-02	1.32870303e+00	6.39651302e-01	6.89051732e-01
3891            	-2.47015410e-02	3.74895888e-02	1.32869466e+00	6.39645790e-01	6.89048872e-01
3892            	-2.47028753e-02	3.74887032e-02	1.32868634e+00	6.39640295e-01	6.89046046e-01
3893            	-2.47042194e-02	3.74877900e-02	1.32867806e+00	6.39634810e-01	6.89043249e-01
3894            	-2.47056082e-02	3.74868275e-02	1.32866977e+00	6.39629278e-01	6.89040495e-01
3895            	-2.47070026e-02	3.74858432e-02	1.32866157e+00	6.39623780e-01	6.89037785e-01
3896            	-2.47083916e-02	3.74848433e-02	1.32865345e+00	6.39618333e-01	6.89035116e-01
3897            	-2.47097714e-02	3.74838297e-02	1.32864542e+00	6.39612941e-01	6.89032483e-01
3898            	-2.47111432e-02	3.74828007e-02	1.32863748e+00	6.39607597e-01	6.89029883e-01
3899            	-2.47125116e-02	3.74817529e-02	1.32862961e+00	6.39602291e-01	6.89027314e-01
3900            	-2.47138821e-02	3.74806826e-02	1.32862179e+00	6.39597013e-01	6.89024777e-01
3901            	-2.47152598e-02	3.74795868e-02	1.32861402e+00	6.39591752e-01	6.89022271e-01
3902            	-2.47166477e-02	3.74784640e-02	1.32860630e+00	6.39586504e-01	6.89019800e-01
3903            	-2.47180466e-02	3.74773147e-02	1.32859863e+00	6.39581270e-01	6.89017363e-01
3904            	-2.47194901e-02	3.74761187e-02	1.32859098e+00	6.39575998e-01	6.89014979e-01
3905            	-2.47209382e-02	3.74749042e-02	1.32858342e+00	6.39570771e-01	6.89012648e-01
3906            	-2.47223793e-02	3.74736784e-02	1.32857597e+00	6.39565607e-01	6.89010366e-01
3907            	-2.47238088e-02	3.74724433e-02	1.32856863e+00	6.39560507e-01	6.89008125e-01
3908            	-2.47252271e-02	3.74711975e-02	1.32856138e+00	6.39555465e-01	6.89005920e-01
3909            	-2.47266381e-02	3.74699376e-02	1.32855421e+00	6.39550468e-01	6.89003744e-01
3910            	-2.47280465e-02	3.74686598e-02	1.32854710e+00	6.39545502e-01	6.89001595e-01
3911            	-2.47294566e-02	3.74673610e-02	1.32854003e+00	6.39540557e-01	6.88999471e-01
3912            	-2.47308710e-02	3.74660395e-02	1.32853300e+00	6.39535629e-01	6.88997371e-01
3913            	-2.47322905e-02	3.74646959e-02	1.32852601e+00	6.39530715e-01	6.88995296e-01
3914            	-2.47337139e-02	3.74633321e-02	1.32851907e+00	6.39525823e-01	6.88993251e-01
3915            	-2.47351730e-02	3.74619295e-02	1.32851215e+00	6.39520904e-01	6.88991250e-01
3916            	-2.47366288e-02	3.74605160e-02	1.32850534e+00	6.39516041e-01	6.88989299e-01
3917            	-2.47380713e-02	3.74590975e-02	1.32849864e+00	6.39511249e-01	6.88987391e-01
3918            	-2.47394976e-02	3.74576753e-02	1.32849205e+00	6.39506527e-01	6.88985522e-01
3919            	-2.47409097e-02	3.74562470e-02	1.32848555e+00	6.39501866e-01	6.88983685e-01
3920            	-2.47425895e-02	3.74544790e-02	1.32847799e+00	6.39496408e-01	6.88981587e-01
3921            	-2.47438558e-02	3.74531834e-02	1.32847221e+00	6.39492248e-01	6.88979960e-01
3922            	-2.47451283e-02	3.74518643e-02	1.32846643e+00	6.39488087e-01	6.88978344e-01
3923            	-2.47467110e-02	3.74501533e-02	1.32845943e+00	6.39483002e-01	6.88976424e-01
3924            	-2.47479470e-02	3.74488519e-02	1.32845388e+00	6.39478995e-01	6.88974889e-01
3925            	-2.47494967e-02	3.74471509e-02	1.32844711e+00	6.39474057e-01	6.88973050e-01
3926            	-2.47510234e-02	3.74454849e-02	1.32844058e+00	6.39469264e-01	6.88971311e-01
3927            	-2.47522211e-02	3.74442145e-02	1.32843542e+00	6.39465490e-01	6.88969932e-01
3928            	-2.47537227e-02	3.74425457e-02	1.32842910e+00	6.39460825e-01	6.88968271e-01
3929            	-2.47551783e-02	3.74409128e-02	1.32842298e+00	6.39456313e-01	6.88966669e-01
3930            	-2.47565876e-02	3.74393171e-02	1.32841708e+00	6.39451951e-01	6.88965126e-01
3931            	-2.47579583e-02	3.74377507e-02	1.32841135e+00	6.39447718e-01	6.88963635e-01
3932            	-2.47593017e-02	3.74362021e-02	1.32840577e+00	6.39443582e-01	6.88962186e-01
3933            	-2.47606295e-02	3.74346591e-02	1.32840028e+00	6.39439512e-01	6.88960771e-01
3934            	-2.47619509e-02	3.74331115e-02	1.32839486e+00	6.39435480e-01	6.88959382e-01
3935            	-2.47632726e-02	3.74315524e-02	1.32838949e+00	6.39431471e-01	6.88958016e-01
3936            	-2.47645979e-02	3.74299786e-02	1.32838414e+00	6.39427474e-01	6.88956670e-01
3937            	-2.47659272e-02	3.74283897e-02	1.32837883e+00	6.39423488e-01	6.88955343e-01
3938            	-2.47672918e-02	3.74267681e-02	1.32837352e+00	6.39419470e-01	6.88954053e-01
3939            	-2.47686540e-02	3.74251404e-02	1.32836829e+00	6.39415493e-01	6.88952801e-01
3940            	-2.47700052e-02	3.74235115e-02	1.32836315e+00	6.39411571e-01	6.88951582e-01
3941            	-2.47713429e-02	3.74218818e-02	1.32835809e+00	6.39407704e-01	6.88950389e-01
3942            	-2.47726685e-02	3.74202491e-02	1.32835310e+00	6.39403881e-01	6.88949218e-01
3943            	-2.47739859e-02	3.74186098e-02	1.32834816e+00	6.39400093e-01	6.88948065e-01
3944            	-2.47752991e-02	3.74169606e-02	1.32834326e+00	6.39396329e-01	6.88946927e-01
3945            	-2.47766108e-02	3.74152995e-02	1.32833838e+00	6.39392581e-01	6.88945803e-01
3946            	-2.47779222e-02	3.74136266e-02	1.32833354e+00	6.39388849e-01	6.88944694e-01
3947            	-2.47792324e-02	3.74119438e-02	1.32832874e+00	6.39385136e-01	6.88943601e-01
3948            	-2.47805390e-02	3.74102547e-02	1.32832398e+00	6.39381449e-01	6.88942527e-01
3949            	-2.47818388e-02	3.74085636e-02	1.32831927e+00	6.39377796e-01	6.88941474e-01
3950            	-2.47831605e-02	3.74068559e-02	1.32831460e+00	6.39374139e-01	6.88940460e-01
3951            	-2.47844668e-02	3.74051586e-02	1.32831004e+00	6.39370553e-01	6.88939487e-01
3952            	-2.47857500e-02	3.74034760e-02	1.32830560e+00	6.39367048e-01	6.88938548e-01
3953            	-2.47870090e-02	3.74018077e-02	1.32830126e+00	6.39363620e-01	6.88937638e-01
3954            	-2.47882470e-02	3.74001499e-02	1.32829700e+00	6.39360255e-01	6.88936749e-01
3955            	-2.47894697e-02	3.73984977e-02	1.32829282e+00	6.39356939e-01	6.88935879e-01
3956            	-2.47906831e-02	3.73968460e-02	1.32828868e+00	6.39353657e-01	6.88935023e-01
3957            	-2.47918924e-02	3.73951910e-02	1.32828458e+00	6.39350396e-01	6.88934181e-01
3958            	-2.47931009e-02	3.73935304e-02	1.32828050e+00	6.39347149e-01	6.88933351e-01
3959            	-2.47943098e-02	3.73918640e-02	1.32827645e+00	6.39343916e-01	6.88932536e-01
3960            	-2.47955186e-02	3.73901933e-02	1.32827243e+00	6.39340698e-01	6.88931736e-01
3961            	-2.47967253e-02	3.73885210e-02	1.32826845e+00	6.39337502e-01	6.88930953e-01
3962            	-2.47979273e-02	3.73868499e-02	1.32826452e+00	6.39334334e-01	6.88930188e-01
3963            	-2.47991540e-02	3.73851643e-02	1.32826061e+00	6.39331153e-01	6.88929460e-01
3964            	-2.48003688e-02	3.73834893e-02	1.32825680e+00	6.39328031e-01	6.88928769e-01
3965            	-2.48015647e-02	3.73818281e-02	1.32825308e+00	6.39324977e-01	6.88928106e-01
3966            	-2.48027403e-02	3.73801792e-02	1.32824945e+00	6.39321986e-01	6.88927466e-01
3967            	-2.48038981e-02	3.73785391e-02	1.32824589e+00	6.39319046e-01	6.88926843e-01
3968            	-2.48050425e-02	3.73769035e-02	1.32824238e+00	6.39316146e-01	6.88926231e-01
3969            	-2.48061783e-02	3.73752683e-02	1.32823890e+00	6.39313271e-01	6.88925628e-01
3970            	-2.48073094e-02	3.73736309e-02	1.32823545e+00	6.39310414e-01	6.88925033e-01
3971            	-2.48084381e-02	3.73719903e-02	1.32823202e+00	6.39307571e-01	6.88924447e-01
3972            	-2.48095648e-02	3.73703475e-02	1.32822861e+00	6.39304742e-01	6.88923871e-01
3973            	-2.48106886e-02	3.73687049e-02	1.32822524e+00	6.39301930e-01	6.88923307e-01
3974            	-2.48118074e-02	3.73670660e-02	1.32822190e+00	6.39299143e-01	6.88922758e-01
3975            	-2.48129188e-02	3.73654340e-02	1.32821861e+00	6.39296387e-01	6.88922225e-01
3976            	-2.48140207e-02	3.73638123e-02	1.32821538e+00	6.39293668e-01	6.88921709e-01
3977            	-2.48151433e-02	3.73621848e-02	1.32821217e+00	6.39290944e-01	6.88921230e-01
3978            	-2.48162511e-02	3.73605760e-02	1.32820907e+00	6.39288284e-01	6.88920786e-01
3979            	-2.48173387e-02	3.73589875e-02	1.32820606e+00	6.39285692e-01	6.88920369e-01
3980            	-2.48184062e-02	3.73574164e-02	1.32820313e+00	6.39283159e-01	6.88919972e-01
3981            	-2.48194575e-02	3.73558579e-02	1.32820026e+00	6.39280673e-01	6.88919588e-01
3982            	-2.48204993e-02	3.73543037e-02	1.32819743e+00	6.39278214e-01	6.88919212e-01
3983            	-2.48215352e-02	3.73527522e-02	1.32819461e+00	6.39275771e-01	6.88918841e-01
3984            	-2.48225693e-02	3.73512002e-02	1.32819181e+00	6.39273336e-01	6.88918475e-01
3985            	-2.48236041e-02	3.73496461e-02	1.32818902e+00	6.39270903e-01	6.88918112e-01
3986            	-2.48246401e-02	3.73480906e-02	1.32818623e+00	6.39268474e-01	6.88917754e-01
3987            	-2.48256759e-02	3.73465359e-02	1.32818346e+00	6.39266052e-01	6.88917404e-01
3988            	-2.48267093e-02	3.73449849e-02	1.32818071e+00	6.39263645e-01	6.88917063e-01
3989            	-2.48277375e-02	3.73434414e-02	1.32817799e+00	6.39261259e-01	6.88916734e-01
3990            	-2.48287579e-02	3.73419084e-02	1.32817532e+00	6.39258902e-01	6.88916418e-01
3991            	-2.48297684e-02	3.73403884e-02	1.32817270e+00	6.39256580e-01	6.88916117e-01
3992            	-2.48307679e-02	3.73388831e-02	1.32817012e+00	6.39254295e-01	6.88915830e-01
3993            	-2.48317886e-02	3.73373749e-02	1.32816758e+00	6.39252001e-01	6.88915578e-01
3994            	-2.48327946e-02	3.73358877e-02	1.32816512e+00	6.39249768e-01	6.88915357e-01
3995            	-2.48337814e-02	3.73344214e-02	1.32816276e+00	6.39247596e-01	6.88915159e-01
3996            	-2.48347498e-02	3.73329723e-02	1.32816045e+00	6.39245476e-01	6.88914976e-01
3997            	-2.48357041e-02	3.73315347e-02	1.32815819e+00	6.39243392e-01	6.88914800e-01
3998            	-2.48366496e-02	3.73301031e-02	1.32815595e+00	6.39241328e-01	6.88914627e-01
3999            	-2.48375917e-02	3.73286730e-02	1.32815372e+00	6.39239270e-01	6.88914453e-01
4000            	-2.48385344e-02	3.73272417e-02	1.32815149e+00	6.39237210e-01	6.88914278e-01
4001            	-2.48394796e-02	3.73258085e-02	1.32814925e+00	6.39235144e-01	6.88914103e-01
4002            	-2.48404276e-02	3.73243750e-02	1.32814700e+00	6.39233073e-01	6.88913928e-01
4003            	-2.48413767e-02	3.73229441e-02	1.32814476e+00	6.39231004e-01	6.88913758e-01
4004            	-2.48423243e-02	3.73215199e-02	1.32814254e+00	6.39228945e-01	6.88913593e-01
4005            	-2.48432672e-02	3.73201064e-02	1.32814034e+00	6.39226903e-01	6.88913438e-01
4006            	-2.48442027e-02	3.73187072e-02	1.32813818e+00	6.39224887e-01	6.88913293e-01
4007            	-2.48451289e-02	3.73173249e-02	1.32813606e+00	6.39222902e-01	6.88913160e-01
4008            	-2.48460447e-02	3.73159606e-02	1.32813399e+00	6.39220951e-01	6.88913041e-01
4009            	-2.48469500e-02	3.73146145e-02	1.32813197e+00	6.39219034e-01	6.88912934e-01
4010            	-2.48478455e-02	3.73132859e-02	1.32812999e+00	6.39217147e-01	6.88912838e-01
4011            	-2.48487673e-02	3.73119542e-02	1.32812802e+00	6.39215241e-01	6.88912776e-01
4012            	-2.48496771e-02	3.73106440e-02	1.32812613e+00	6.39213386e-01	6.88912740e-01
4013            	-2.48505712e-02	3.73093532e-02	1.32812430e+00	6.39211579e-01	6.88912721e-01
4014            	-2.48514516e-02	3.73080762e-02	1.32812252e+00	6.39209806e-01	6.88912709e-01
4015            	-2.48523229e-02	3.73068069e-02	1.32812075e+00	6.39208051e-01	6.88912697e-01
4016            	-2.48531901e-02	3.73055401e-02	1.32811898e+00	6.39206298e-01	6.88912678e-01
4017            	-2.48540581e-02	3.73042728e-02	1.32811718e+00	6.39204534e-01	6.88912650e-01
4018            	-2.48549293e-02	3.73030050e-02	1.32811537e+00	6.39202755e-01	6.88912613e-01
4019            	-2.48558003e-02	3.73017438e-02	1.32811354e+00	6.39200971e-01	6.88912571e-01
4020            	-2.48566666e-02	3.73004950e-02	1.32811173e+00	6.39199199e-01	6.88912532e-01
4021            	-2.48575292e-02	3.72992566e-02	1.32810994e+00	6.39197442e-01	6.88912500e-01
4022            	-2.48583837e-02	3.72980346e-02	1.32810820e+00	6.39195714e-01	6.88912482e-01
4023            	-2.48592332e-02	3.72968242e-02	1.32810649e+00	6.39194011e-01	6.88912477e-01
4024            	-2.48600798e-02	3.72956231e-02	1.32810481e+00	6.39192327e-01	6.88912487e-01
4025            	-2.48609270e-02	3.72944270e-02	1.32810316e+00	6.39190654e-01	6.88912508e-01
4026            	-2.48617748e-02	3.72932368e-02	1.32810153e+00	6.39188989e-01	6.88912538e-01
4027            	-2.48626219e-02	3.72920548e-02	1.32809990e+00	6.39187330e-01	6.88912574e-01
4028            	-2.48634665e-02	3.72908838e-02	1.32809829e+00	6.39185678e-01	6.88912611e-01
4029            	-2.48643066e-02	3.72897260e-02	1.32809668e+00	6.39184035e-01	6.88912649e-01
4030            	-2.48653392e-02	3.72883057e-02	1.32809462e+00	6.39181971e-01	6.88912649e-01
4031            	-2.48660996e-02	3.72872789e-02	1.32809316e+00	6.39180479e-01	6.88912678e-01
4032            	-2.48668805e-02	3.72862557e-02	1.32809170e+00	6.39178971e-01	6.88912732e-01
4033            	-2.48676554e-02	3.72852412e-02	1.32809031e+00	6.39177500e-01	6.88912811e-01
4034            	-2.48686194e-02	3.72839632e-02	1.32808853e+00	6.39175645e-01	6.88912884e-01
4035            	-2.48693411e-02	3.72830169e-02	1.32808728e+00	6.39174299e-01	6.88912981e-01
4036            	-2.48700638e-02	3.72820617e-02	1.32808603e+00	6.39172953e-01	6.88913081e-01
4037            	-2.48709949e-02	3.72808229e-02	1.32808433e+00	6.39171169e-01	6.88913158e-01
4038            	-2.48718911e-02	3.72796438e-02	1.32808266e+00	6.39169441e-01	6.88913223e-01
4039            	-2.48725633e-02	3.72787702e-02	1.32808147e+00	6.39168170e-01	6.88913297e-01
4040            	-2.48734455e-02	3.72776258e-02	1.32807980e+00	6.39166455e-01	6.88913346e-01
4041            	-2.48741182e-02	3.72767616e-02	1.32807860e+00	6.39165180e-01	6.88913417e-01
4042            	-2.48750159e-02	3.72756127e-02	1.32807691e+00	6.39163441e-01	6.88913473e-01
4043            	-2.48758952e-02	3.72745013e-02	1.32807528e+00	6.39161742e-01	6.88913533e-01
4044            	-2.48765600e-02	3.72736690e-02	1.32807411e+00	6.39160497e-01	6.88913617e-01
4045            	-2.48774450e-02	3.72725652e-02	1.32807250e+00	6.39158804e-01	6.88913694e-01
4046            	-2.48783088e-02	3.72714999e-02	1.32807093e+00	6.39157157e-01	6.88913774e-01
4047            	-2.48789591e-02	3.72707040e-02	1.32806983e+00	6.39155954e-01	6.88913872e-01
4048            	-2.48798269e-02	3.72696452e-02	1.32806827e+00	6.39154308e-01	6.88913961e-01
4049            	-2.48806747e-02	3.72686217e-02	1.32806675e+00	6.39152699e-01	6.88914049e-01
4050            	-2.48813128e-02	3.72678571e-02	1.32806567e+00	6.39151523e-01	6.88914148e-01
4051            	-2.48821672e-02	3.72668368e-02	1.32806414e+00	6.39149901e-01	6.88914235e-01
4052            	-2.48828175e-02	3.72660666e-02	1.32806304e+00	6.39148701e-01	6.88914336e-01
4053            	-2.48836918e-02	3.72650373e-02	1.32806146e+00	6.39147039e-01	6.88914422e-01
4054            	-2.48843564e-02	3.72642640e-02	1.32806033e+00	6.39145809e-01	6.88914522e-01
4055            	-2.48852447e-02	3.72632399e-02	1.32805872e+00	6.39144113e-01	6.88914603e-01
4056            	-2.48859137e-02	3.72624794e-02	1.32805757e+00	6.39142869e-01	6.88914697e-01
4057            	-2.48866373e-02	3.72616825e-02	1.32805635e+00	6.39141540e-01	6.88914815e-01
4058            	-2.48875889e-02	3.72606462e-02	1.32805470e+00	6.39139759e-01	6.88914937e-01
4059            	-2.48882981e-02	3.72598854e-02	1.32805355e+00	6.39138478e-01	6.88915074e-01
4060            	-2.48890131e-02	3.72591190e-02	1.32805240e+00	6.39137185e-01	6.88915211e-01
4061            	-2.48897414e-02	3.72583379e-02	1.32805121e+00	6.39135861e-01	6.88915344e-01
4062            	-2.48906974e-02	3.72573216e-02	1.32804950e+00	6.39134055e-01	6.88915449e-01
4063            	-2.48914017e-02	3.72565775e-02	1.32804830e+00	6.39132750e-01	6.88915553e-01
4064            	-2.48921101e-02	3.72558314e-02	1.32804707e+00	6.39131425e-01	6.88915645e-01
4065            	-2.48928300e-02	3.72550759e-02	1.32804580e+00	6.39130070e-01	6.88915730e-01
4066            	-2.48935648e-02	3.72543086e-02	1.32804449e+00	6.39128682e-01	6.88915811e-01
4067            	-2.48943144e-02	3.72535319e-02	1.32804316e+00	6.39127264e-01	6.88915893e-01
4068            	-2.48950759e-02	3.72527509e-02	1.32804180e+00	6.39125823e-01	6.88915975e-01
4069            	-2.48958444e-02	3.72519723e-02	1.32804043e+00	6.39124368e-01	6.88916057e-01
4070            	-2.48966146e-02	3.72512027e-02	1.32803905e+00	6.39122911e-01	6.88916140e-01
4071            	-2.48973812e-02	3.72504478e-02	1.32803768e+00	6.39121460e-01	6.88916222e-01
4072            	-2.48981401e-02	3.72497115e-02	1.32803633e+00	6.39120023e-01	6.88916303e-01
4073            	-2.48988881e-02	3.72489959e-02	1.32803499e+00	6.39118605e-01	6.88916382e-01
4074            	-2.48996239e-02	3.72483016e-02	1.32803367e+00	6.39117211e-01	6.88916459e-01
4075            	-2.49003473e-02	3.72476277e-02	1.32803238e+00	6.39115841e-01	6.88916536e-01
4076            	-2.49010592e-02	3.72469723e-02	1.32803110e+00	6.39114493e-01	6.88916611e-01
4077            	-2.49017615e-02	3.72463330e-02	1.32802985e+00	6.39113163e-01	6.88916686e-01
4078            	-2.49024562e-02	3.72457076e-02	1.32802861e+00	6.39111848e-01	6.88916760e-01
4079            	-2.49031458e-02	3.72450937e-02	1.32802737e+00	6.39110542e-01	6.88916833e-01
4080            	-2.49038324e-02	3.72444894e-02	1.32802614e+00	6.39109240e-01	6.88916905e-01
4081            	-2.49045177e-02	3.72438935e-02	1.32802491e+00	6.39107938e-01	6.88916974e-01
4082            	-2.49052031e-02	3.72433052e-02	1.32802367e+00	6.39106634e-01	6.88917040e-01
4083            	-2.49058892e-02	3.72427244e-02	1.32802243e+00	6.39105324e-01	6.88917103e-01
4084            	-2.49065760e-02	3.72421513e-02	1.32802117e+00	6.39104010e-01	6.88917162e-01
4085            	-2.49072631e-02	3.72415869e-02	1.32801991e+00	6.39102691e-01	6.88917217e-01
4086            	-2.49079495e-02	3.72410321e-02	1.32801864e+00	6.39101369e-01	6.88917268e-01
4087            	-2.49086343e-02	3.72404880e-02	1.32801736e+00	6.39100048e-01	6.88917316e-01
4088            	-2.49093162e-02	3.72399558e-02	1.32801609e+00	6.39098729e-01	6.88917361e-01
4089            	-2.49099942e-02	3.72394363e-02	1.32801482e+00	6.39097415e-01	6.88917404e-01
4090            	-2.49106672e-02	3.72389302e-02	1.32801355e+00	6.39096109e-01	6.88917444e-01
4091            	-2.49113345e-02	3.72384378e-02	1.32801229e+00	6.39094813e-01	6.88917482e-01
4092            	-2.49120276e-02	3.72379427e-02	1.32801103e+00	6.39093487e-01	6.88917542e-01
4093            	-2.49127109e-02	3.72374673e-02	1.32800981e+00	6.39092196e-01	6.88917618e-01
4094            	-2.49133815e-02	3.72370100e-02	1.32800864e+00	6.39090939e-01	6.88917702e-01
4095            	-2.49140410e-02	3.72365667e-02	1.32800749e+00	6.39089702e-01	6.88917784e-01
4096            	-2.49146923e-02	3.72361325e-02	1.32800633e+00	6.39088473e-01	6.88917857e-01
4097            	-2.49153390e-02	3.72357032e-02	1.32800516e+00	6.39087241e-01	6.88917919e-01
4098            	-2.49159847e-02	3.72352756e-02	1.32800396e+00	6.39085996e-01	6.88917965e-01
4099            	-2.49166319e-02	3.72348477e-02	1.32800273e+00	6.39084734e-01	6.88917998e-01
4100            	-2.49172820e-02	3.72344197e-02	1.32800147e+00	6.39083453e-01	6.88918017e-01
4101            	-2.49179346e-02	3.72339931e-02	1.32800019e+00	6.39082158e-01	6.88918027e-01
4102            	-2.49185880e-02	3.72335706e-02	1.32799888e+00	6.39080854e-01	6.88918030e-01
