# Force coefficients
# liftDir       : (-2.67238144e-01 9.63630518e-01 0.00000000e+00)
# dragDir       : (9.63630518e-01 2.67238144e-01 0.00000000e+00)
# pitchAxis     : (0.00000000e+00 0.00000000e+00 1.00000000e+00)
# magUInf       : 1.50000000e+01
# lRef          : 1.00000000e+00
# Aref          : 1.00000000e-02
# CofR          : (2.50000000e-01 0.00000000e+00 0.00000000e+00)
# Time          	Cm              	Cd              	Cl              	Cl(f)           	Cl(r)           
5015            	-2.58851795e-02	5.12853384e-02	1.35900780e+00	6.53618721e-01	7.05389080e-01
5016            	-2.57542762e-02	5.13756958e-02	1.35949187e+00	6.53991658e-01	7.05500211e-01
5017            	-2.55130915e-02	5.16350220e-02	1.36039349e+00	6.54683653e-01	7.05709836e-01
5018            	-2.53340971e-02	5.18563979e-02	1.36113918e+00	6.55235491e-01	7.05903685e-01
5019            	-2.52230812e-02	5.20266149e-02	1.36168395e+00	6.55618896e-01	7.06065058e-01
5020            	-2.51571597e-02	5.21610927e-02	1.36212255e+00	6.55904115e-01	7.06218434e-01
5021            	-2.51360055e-02	5.22525800e-02	1.36242910e+00	6.56078543e-01	7.06350554e-01
5022            	-2.51626409e-02	5.22735038e-02	1.36252817e+00	6.56101442e-01	7.06426724e-01
5023            	-2.52278298e-02	5.22209113e-02	1.36241200e+00	6.55978168e-01	7.06433828e-01
5024            	-2.53096241e-02	5.21198662e-02	1.36214035e+00	6.55760552e-01	7.06379800e-01
5025            	-2.54058586e-02	5.19740042e-02	1.36173069e+00	6.55459488e-01	7.06271205e-01
5026            	-2.54898877e-02	5.18313641e-02	1.36131794e+00	6.55169083e-01	7.06148858e-01
5027            	-2.55694030e-02	5.16818872e-02	1.36087827e+00	6.54869732e-01	7.06008537e-01
5028            	-2.56531190e-02	5.15149621e-02	1.36037066e+00	6.54532212e-01	7.05838450e-01
5029            	-2.57220627e-02	5.13763632e-02	1.35993088e+00	6.54243379e-01	7.05687504e-01
5030            	-2.57752245e-02	5.12745208e-02	1.35958923e+00	6.54019388e-01	7.05569837e-01
5031            	-2.58089353e-02	5.12175848e-02	1.35938391e+00	6.53883022e-01	7.05500892e-01
5032            	-2.58310118e-02	5.11929240e-02	1.35927882e+00	6.53808401e-01	7.05470424e-01
5033            	-2.58431383e-02	5.11958524e-02	1.35926684e+00	6.53790282e-01	7.05476558e-01
5034            	-2.58465649e-02	5.12200389e-02	1.35933528e+00	6.53821075e-01	7.05514205e-01
5035            	-2.58427422e-02	5.12568070e-02	1.35946341e+00	6.53888962e-01	7.05574447e-01
5036            	-2.58339436e-02	5.12952888e-02	1.35962083e+00	6.53976473e-01	7.05644360e-01
5037            	-2.58255793e-02	5.13202017e-02	1.35975533e+00	6.54052088e-01	7.05703246e-01
5038            	-2.58182930e-02	5.13306933e-02	1.35986232e+00	6.54112868e-01	7.05749454e-01
5039            	-2.58148839e-02	5.13222622e-02	1.35992242e+00	6.54146325e-01	7.05776093e-01
5040            	-2.58171534e-02	5.12941325e-02	1.35992701e+00	6.54146352e-01	7.05780659e-01
5041            	-2.58256597e-02	5.12488622e-02	1.35987834e+00	6.54113511e-01	7.05764831e-01
5042            	-2.58398407e-02	5.11912750e-02	1.35978739e+00	6.54053856e-01	7.05733538e-01
5043            	-2.58581815e-02	5.11275043e-02	1.35967116e+00	6.53977396e-01	7.05693759e-01
5044            	-2.58784230e-02	5.10641183e-02	1.35954990e+00	6.53896528e-01	7.05653374e-01
5045            	-2.58979821e-02	5.10071862e-02	1.35944385e+00	6.53823941e-01	7.05619905e-01
5046            	-2.59142444e-02	5.09616020e-02	1.35937020e+00	6.53770855e-01	7.05599344e-01
5047            	-2.59244094e-02	5.09338067e-02	1.35934027e+00	6.53745726e-01	7.05594545e-01
5048            	-2.59291249e-02	5.09183144e-02	1.35935208e+00	6.53746914e-01	7.05605164e-01
5049            	-2.59260383e-02	5.09161133e-02	1.35942343e+00	6.53785676e-01	7.05637753e-01
5050            	-2.59156300e-02	5.09273991e-02	1.35953925e+00	6.53853997e-01	7.05685256e-01
5051            	-2.59026200e-02	5.09450180e-02	1.35966141e+00	6.53928085e-01	7.05733325e-01
5052            	-2.58789227e-02	5.09783969e-02	1.35984744e+00	6.54044800e-01	7.05802645e-01
5053            	-2.58506889e-02	5.10191155e-02	1.36005162e+00	6.54175119e-01	7.05876496e-01
5054            	-2.58193820e-02	5.10649262e-02	1.36026466e+00	6.54312950e-01	7.05951714e-01
5055            	-2.57863466e-02	5.11138788e-02	1.36048012e+00	6.54453712e-01	7.06026405e-01
5056            	-2.57528746e-02	5.11642382e-02	1.36069363e+00	6.54593938e-01	7.06099687e-01
5057            	-2.57202482e-02	5.12143101e-02	1.36090242e+00	6.54730962e-01	7.06171459e-01
5058            	-2.56894284e-02	5.12627445e-02	1.36110590e+00	6.54863522e-01	7.06242379e-01
5059            	-2.56610301e-02	5.13086817e-02	1.36130547e+00	6.54991705e-01	7.06313765e-01
5060            	-2.56352810e-02	5.13517588e-02	1.36150405e+00	6.55116743e-01	7.06387305e-01
5061            	-2.56119660e-02	5.13921980e-02	1.36170615e+00	6.55241107e-01	7.06465039e-01
5062            	-2.55905995e-02	5.14305909e-02	1.36191666e+00	6.55367730e-01	7.06548929e-01
5063            	-2.55705307e-02	5.14677173e-02	1.36214004e+00	6.55499488e-01	7.06640550e-01
5064            	-2.55510271e-02	5.15043828e-02	1.36237955e+00	6.55638750e-01	7.06740804e-01
5065            	-2.55314323e-02	5.15412552e-02	1.36263706e+00	6.55787095e-01	7.06849960e-01
5066            	-2.55068933e-02	5.15858312e-02	1.36295708e+00	6.55971647e-01	7.06985434e-01
5067            	-2.54816876e-02	5.16301063e-02	1.36328366e+00	6.56160145e-01	7.07123520e-01
5068            	-2.54557620e-02	5.16736480e-02	1.36361177e+00	6.56350123e-01	7.07261647e-01
5069            	-2.54292387e-02	5.17159196e-02	1.36393824e+00	6.56539882e-01	7.07398359e-01
5070            	-2.54023968e-02	5.17563473e-02	1.36426159e+00	6.56728400e-01	7.07533194e-01
5071            	-2.53756258e-02	5.17943949e-02	1.36458169e+00	6.56915219e-01	7.07666471e-01
5072            	-2.53494208e-02	5.18295801e-02	1.36489916e+00	6.57100159e-01	7.07799000e-01
5073            	-2.53241615e-02	5.18616152e-02	1.36521537e+00	6.57283522e-01	7.07931845e-01
5074            	-2.53001436e-02	5.18903345e-02	1.36553192e+00	6.57465815e-01	7.08066102e-01
5075            	-2.52775241e-02	5.19156588e-02	1.36585031e+00	6.57647631e-01	7.08202679e-01
5076            	-2.52563125e-02	5.19375494e-02	1.36617166e+00	6.57829520e-01	7.08342145e-01
5077            	-2.52364184e-02	5.19559506e-02	1.36649664e+00	6.58011900e-01	7.08484737e-01
5078            	-2.52175782e-02	5.19707925e-02	1.36682543e+00	6.58195138e-01	7.08630294e-01
5079            	-2.51994674e-02	5.19819570e-02	1.36715792e+00	6.58379494e-01	7.08778429e-01
5080            	-2.51817358e-02	5.19893025e-02	1.36749363e+00	6.58565079e-01	7.08928551e-01
5081            	-2.51615724e-02	5.19926476e-02	1.36786718e+00	6.58772015e-01	7.09095160e-01
5082            	-2.51416743e-02	5.19924258e-02	1.36823078e+00	6.58973716e-01	7.09257065e-01
5083            	-2.51245035e-02	5.19888333e-02	1.36854896e+00	6.59149979e-01	7.09398986e-01
5084            	-2.51048451e-02	5.19779402e-02	1.36889957e+00	6.59344940e-01	7.09554630e-01
5085            	-2.50855259e-02	5.19617032e-02	1.36924265e+00	6.59535799e-01	7.09706851e-01
5086            	-2.50667249e-02	5.19399815e-02	1.36957923e+00	6.59722889e-01	7.09856339e-01
5087            	-2.50486869e-02	5.19127001e-02	1.36991087e+00	6.59906751e-01	7.10004124e-01
5088            	-2.50315715e-02	5.18800045e-02	1.37023937e+00	6.60088114e-01	7.10151257e-01
5089            	-2.50135001e-02	5.18398978e-02	1.37059061e+00	6.60281807e-01	7.10308807e-01
5090            	-2.49972861e-02	5.17970258e-02	1.37092946e+00	6.60467445e-01	7.10462017e-01
5091            	-2.49831308e-02	5.17514609e-02	1.37125515e+00	6.60644443e-01	7.10610704e-01
5092            	-2.49712219e-02	5.17025978e-02	1.37156880e+00	6.60813176e-01	7.10755620e-01
5093            	-2.49616250e-02	5.16496090e-02	1.37187256e+00	6.60974656e-01	7.10897906e-01
5094            	-2.49543990e-02	5.15916760e-02	1.37216857e+00	6.61129888e-01	7.11038685e-01
5095            	-2.49494947e-02	5.15282433e-02	1.37245827e+00	6.61279641e-01	7.11178630e-01
5096            	-2.49462656e-02	5.14544606e-02	1.37275951e+00	6.61433488e-01	7.11326019e-01
5097            	-2.49454144e-02	5.13771346e-02	1.37304604e+00	6.61577607e-01	7.11468435e-01
5098            	-2.49468537e-02	5.12960577e-02	1.37331571e+00	6.61711001e-01	7.11604708e-01
5099            	-2.49504510e-02	5.12105446e-02	1.37356839e+00	6.61833746e-01	7.11734648e-01
5100            	-2.49561328e-02	5.11197161e-02	1.37380555e+00	6.61946644e-01	7.11858909e-01
5101            	-2.49637806e-02	5.10229336e-02	1.37402961e+00	6.62051023e-01	7.11978584e-01
5102            	-2.49732218e-02	5.09199944e-02	1.37424319e+00	6.62148376e-01	7.12094819e-01
5103            	-2.49842224e-02	5.08112007e-02	1.37444861e+00	6.62240082e-01	7.12208527e-01
5104            	-2.49964957e-02	5.06972375e-02	1.37464757e+00	6.62327290e-01	7.12320282e-01
5105            	-2.50102740e-02	5.05736407e-02	1.37484915e+00	6.62414303e-01	7.12434851e-01
5106            	-2.50243108e-02	5.04500487e-02	1.37504114e+00	6.62496260e-01	7.12544882e-01
5107            	-2.50382992e-02	5.03268445e-02	1.37522424e+00	6.62573821e-01	7.12650420e-01
5108            	-2.50521113e-02	5.02036147e-02	1.37540017e+00	6.62647976e-01	7.12752198e-01
5109            	-2.50657237e-02	5.00797410e-02	1.37557110e+00	6.62719826e-01	7.12851273e-01
5110            	-2.50791422e-02	4.99548093e-02	1.37573909e+00	6.62790402e-01	7.12948686e-01
5111            	-2.50923464e-02	4.98287906e-02	1.37590579e+00	6.62860551e-01	7.13045244e-01
5112            	-2.51052609e-02	4.97020387e-02	1.37607234e+00	6.62930908e-01	7.13141429e-01
5113            	-2.51177562e-02	4.95751664e-02	1.37623936e+00	6.63001923e-01	7.13237436e-01
5114            	-2.51296655e-02	4.94488957e-02	1.37640721e+00	6.63073942e-01	7.13333273e-01
5115            	-2.51408170e-02	4.93239097e-02	1.37657614e+00	6.63147251e-01	7.13428885e-01
5116            	-2.51510617e-02	4.92007706e-02	1.37674636e+00	6.63222119e-01	7.13524242e-01
5117            	-2.51602945e-02	4.90798867e-02	1.37691819e+00	6.63298800e-01	7.13619389e-01
5118            	-2.51684671e-02	4.89615164e-02	1.37709195e+00	6.63377509e-01	7.13714443e-01
5119            	-2.51755894e-02	4.88458047e-02	1.37726794e+00	6.63458382e-01	7.13809561e-01
5120            	-2.51817235e-02	4.87328210e-02	1.37744632e+00	6.63541436e-01	7.13904883e-01
5121            	-2.51869724e-02	4.86225967e-02	1.37762704e+00	6.63626549e-01	7.14000494e-01
5122            	-2.51914690e-02	4.85151571e-02	1.37780984e+00	6.63713449e-01	7.14096387e-01
5123            	-2.51953603e-02	4.84105237e-02	1.37799422e+00	6.63801750e-01	7.14192470e-01
5124            	-2.51987970e-02	4.83086929e-02	1.37817961e+00	6.63891008e-01	7.14288601e-01
5125            	-2.52023515e-02	4.82127443e-02	1.37835651e+00	6.63975905e-01	7.14380608e-01
5126            	-2.52058375e-02	4.81173539e-02	1.37853716e+00	6.64062741e-01	7.14474416e-01
5127            	-2.52092610e-02	4.80229361e-02	1.37872125e+00	6.64151362e-01	7.14569884e-01
5128            	-2.52125446e-02	4.79303500e-02	1.37890747e+00	6.64241191e-01	7.14666280e-01
5129            	-2.52155847e-02	4.78404929e-02	1.37909407e+00	6.64331450e-01	7.14762619e-01
5130            	-2.52183144e-02	4.77539916e-02	1.37927931e+00	6.64421340e-01	7.14857969e-01
5131            	-2.52207301e-02	4.76711077e-02	1.37946187e+00	6.64510205e-01	7.14951665e-01
5132            	-2.52228921e-02	4.75917758e-02	1.37964100e+00	6.64597610e-01	7.15043394e-01
5133            	-2.52249122e-02	4.75156946e-02	1.37981649e+00	6.64683333e-01	7.15133157e-01
5134            	-2.52269207e-02	4.74424686e-02	1.37998850e+00	6.64767330e-01	7.15221171e-01
5135            	-2.52290365e-02	4.73717153e-02	1.38015742e+00	6.64849675e-01	7.15307748e-01
5136            	-2.52313434e-02	4.73031349e-02	1.38032368e+00	6.64930499e-01	7.15393185e-01
5137            	-2.52338785e-02	4.72365357e-02	1.38048765e+00	6.65009944e-01	7.15477701e-01
5138            	-2.52366324e-02	4.71718274e-02	1.38064955e+00	6.65088145e-01	7.15561410e-01
5139            	-2.52395594e-02	4.71089908e-02	1.38080954e+00	6.65165211e-01	7.15644330e-01
5140            	-2.52425932e-02	4.70480409e-02	1.38096765e+00	6.65241231e-01	7.15726418e-01
5141            	-2.52456630e-02	4.69889961e-02	1.38112388e+00	6.65316277e-01	7.15807603e-01
5142            	-2.52487078e-02	4.69318583e-02	1.38127822e+00	6.65390400e-01	7.15887815e-01
5143            	-2.52516867e-02	4.68766007e-02	1.38143064e+00	6.65463632e-01	7.15967005e-01
5144            	-2.52545836e-02	4.68231595e-02	1.38158115e+00	6.65535993e-01	7.16045161e-01
5145            	-2.52574064e-02	4.67714342e-02	1.38172981e+00	6.65607497e-01	7.16122310e-01
5146            	-2.52601816e-02	4.67213005e-02	1.38187666e+00	6.65678149e-01	7.16198513e-01
5147            	-2.52629477e-02	4.66726211e-02	1.38202180e+00	6.65747951e-01	7.16273846e-01
5148            	-2.52657479e-02	4.66252560e-02	1.38216529e+00	6.65816898e-01	7.16348394e-01
5149            	-2.52686246e-02	4.65790682e-02	1.38230722e+00	6.65884985e-01	7.16422234e-01
5150            	-2.52716124e-02	4.65339304e-02	1.38244765e+00	6.65952214e-01	7.16495439e-01
5151            	-2.52747342e-02	4.64897287e-02	1.38258667e+00	6.66018602e-01	7.16568070e-01
5152            	-2.52780009e-02	4.64463644e-02	1.38272435e+00	6.66084177e-01	7.16640178e-01
5153            	-2.52814127e-02	4.64037524e-02	1.38286078e+00	6.66148979e-01	7.16711804e-01
5154            	-2.52849614e-02	4.63618199e-02	1.38299604e+00	6.66213059e-01	7.16782982e-01
5155            	-2.52886328e-02	4.63205047e-02	1.38313022e+00	6.66276478e-01	7.16853744e-01
5156            	-2.52924105e-02	4.62797529e-02	1.38326342e+00	6.66339298e-01	7.16924119e-01
5157            	-2.52962786e-02	4.62395165e-02	1.38339572e+00	6.66401581e-01	7.16994138e-01
5158            	-2.53002234e-02	4.61997517e-02	1.38352722e+00	6.66463387e-01	7.17063834e-01
5159            	-2.53042345e-02	4.61604172e-02	1.38365801e+00	6.66524773e-01	7.17133241e-01
5160            	-2.53083061e-02	4.61214725e-02	1.38378818e+00	6.66585784e-01	7.17202396e-01
5161            	-2.53124356e-02	4.60828803e-02	1.38391779e+00	6.66646461e-01	7.17271332e-01
5162            	-2.53166214e-02	4.60446072e-02	1.38404691e+00	6.66706836e-01	7.17340079e-01
5163            	-2.53208618e-02	4.60066220e-02	1.38417560e+00	6.66766940e-01	7.17408663e-01
5164            	-2.53251524e-02	4.59688972e-02	1.38430391e+00	6.66826805e-01	7.17477110e-01
5165            	-2.53294855e-02	4.59314102e-02	1.38443190e+00	6.66886466e-01	7.17545437e-01
5166            	-2.53338493e-02	4.58941426e-02	1.38455962e+00	6.66945960e-01	7.17613659e-01
5167            	-2.53382289e-02	4.58570799e-02	1.38468711e+00	6.67005328e-01	7.17681786e-01
5168            	-2.53426052e-02	4.58202121e-02	1.38481444e+00	6.67064617e-01	7.17749827e-01
5169            	-2.53469562e-02	4.57835327e-02	1.38494167e+00	6.67123878e-01	7.17817791e-01
5170            	-2.53512564e-02	4.57470415e-02	1.38506886e+00	6.67183173e-01	7.17885686e-01
5171            	-2.53554818e-02	4.57107359e-02	1.38519607e+00	6.67242554e-01	7.17953518e-01
5172            	-2.53596062e-02	4.56746191e-02	1.38532337e+00	6.67302080e-01	7.18021293e-01
5173            	-2.53636031e-02	4.56386974e-02	1.38545083e+00	6.67361811e-01	7.18089017e-01
5174            	-2.53674461e-02	4.56029792e-02	1.38557850e+00	6.67421802e-01	7.18156694e-01
5175            	-2.53711088e-02	4.55674761e-02	1.38570644e+00	6.67482111e-01	7.18224329e-01
5176            	-2.53743906e-02	4.55304930e-02	1.38584134e+00	6.67546281e-01	7.18295063e-01
5177            	-2.53775288e-02	4.54965128e-02	1.38596717e+00	6.67606057e-01	7.18361115e-01
5178            	-2.53804430e-02	4.54626482e-02	1.38609322e+00	6.67666169e-01	7.18427055e-01
5179            	-2.53827974e-02	4.54257250e-02	1.38623105e+00	6.67732726e-01	7.18498320e-01
5180            	-2.53851629e-02	4.53933842e-02	1.38635498e+00	6.67792329e-01	7.18562655e-01
5181            	-2.53870900e-02	4.53592236e-02	1.38648669e+00	6.67856255e-01	7.18630435e-01
5182            	-2.53889693e-02	4.53271630e-02	1.38661132e+00	6.67916690e-01	7.18694628e-01
5183            	-2.53901576e-02	4.52918084e-02	1.38674932e+00	6.67984500e-01	7.18764815e-01
5184            	-2.53911480e-02	4.52590152e-02	1.38688150e+00	6.68049604e-01	7.18831900e-01
5185            	-2.53920572e-02	4.52282339e-02	1.38700689e+00	6.68111387e-01	7.18895501e-01
5186            	-2.53922708e-02	4.51954926e-02	1.38714211e+00	6.68178785e-01	7.18963327e-01
5187            	-2.53920130e-02	4.51632029e-02	1.38727831e+00	6.68247142e-01	7.19031168e-01
5188            	-2.53912414e-02	4.51315107e-02	1.38741508e+00	6.68316297e-01	7.19098780e-01
5189            	-2.53899375e-02	4.51004489e-02	1.38755216e+00	6.68386142e-01	7.19166017e-01
5190            	-2.53881063e-02	4.50699668e-02	1.38768947e+00	6.68456629e-01	7.19232841e-01
5191            	-2.53857678e-02	4.50399725e-02	1.38782706e+00	6.68527764e-01	7.19299300e-01
5192            	-2.53829479e-02	4.50103729e-02	1.38796507e+00	6.68599589e-01	7.19365485e-01
5193            	-2.53796695e-02	4.49811018e-02	1.38810366e+00	6.68672161e-01	7.19431500e-01
5194            	-2.53759445e-02	4.49521308e-02	1.38824296e+00	6.68745538e-01	7.19497426e-01
5195            	-2.53717723e-02	4.49234657e-02	1.38838308e+00	6.68819767e-01	7.19563312e-01
5196            	-2.53671428e-02	4.48951361e-02	1.38852405e+00	6.68894881e-01	7.19629167e-01
5197            	-2.53620405e-02	4.48671783e-02	1.38866586e+00	6.68970891e-01	7.19694972e-01
5198            	-2.53564511e-02	4.48396264e-02	1.38880848e+00	6.69047788e-01	7.19760690e-01
5199            	-2.53497422e-02	4.48116542e-02	1.38895712e+00	6.69128817e-01	7.19828301e-01
5200            	-2.53433117e-02	4.47855035e-02	1.38909879e+00	6.69206083e-01	7.19892707e-01
5201            	-2.53364391e-02	4.47596358e-02	1.38924090e+00	6.69284010e-01	7.19956889e-01
5202            	-2.53291165e-02	4.47339392e-02	1.38938393e+00	6.69362848e-01	7.20021081e-01
5203            	-2.53213320e-02	4.47084064e-02	1.38952816e+00	6.69442748e-01	7.20085412e-01
5204            	-2.53130780e-02	4.46830930e-02	1.38967363e+00	6.69523738e-01	7.20149894e-01
5205            	-2.53043559e-02	4.46580752e-02	1.38982019e+00	6.69605738e-01	7.20214450e-01
5206            	-2.52951826e-02	4.46334131e-02	1.38996754e+00	6.69688585e-01	7.20278950e-01
5207            	-2.52867645e-02	4.46097858e-02	1.39010667e+00	6.69766572e-01	7.20340101e-01
5208            	-2.52756465e-02	4.45846090e-02	1.39026394e+00	6.69856321e-01	7.20407614e-01
5209            	-2.52643860e-02	4.45603681e-02	1.39041878e+00	6.69945002e-01	7.20473774e-01
5210            	-2.52553063e-02	4.45381461e-02	1.39055529e+00	6.70022338e-01	7.20532950e-01
5211            	-2.52458800e-02	4.45154900e-02	1.39069376e+00	6.70100998e-01	7.20592758e-01
5212            	-2.52337309e-02	4.44911367e-02	1.39085057e+00	6.70191553e-01	7.20659015e-01
5213            	-2.52216569e-02	4.44675229e-02	1.39100466e+00	6.70280673e-01	7.20723987e-01
5214            	-2.52120739e-02	4.44457742e-02	1.39113991e+00	6.70357880e-01	7.20782027e-01
5215            	-2.52022503e-02	4.44236513e-02	1.39127692e+00	6.70436210e-01	7.20840710e-01
5216            	-2.51897081e-02	4.44000266e-02	1.39143224e+00	6.70526414e-01	7.20905831e-01
5217            	-2.51797147e-02	4.43782378e-02	1.39156938e+00	6.70604976e-01	7.20964405e-01
5218            	-2.51694631e-02	4.43562733e-02	1.39170839e+00	6.70684730e-01	7.21023656e-01
5219            	-2.51589007e-02	4.43341733e-02	1.39184961e+00	6.70765905e-01	7.21083706e-01
5220            	-2.51480217e-02	4.43120687e-02	1.39199277e+00	6.70848361e-01	7.21144405e-01
5221            	-2.51368770e-02	4.42900979e-02	1.39213709e+00	6.70931670e-01	7.21205424e-01
5222            	-2.51255734e-02	4.42683485e-02	1.39228159e+00	6.71015223e-01	7.21266370e-01
5223            	-2.51142569e-02	4.42468298e-02	1.39242525e+00	6.71098370e-01	7.21326884e-01
5224            	-2.51030930e-02	4.42254807e-02	1.39256724e+00	6.71180529e-01	7.21386715e-01
5225            	-2.50922422e-02	4.42042032e-02	1.39270700e+00	6.71261259e-01	7.21445743e-01
5226            	-2.50818386e-02	4.41828981e-02	1.39284427e+00	6.71340299e-01	7.21503976e-01
5227            	-2.50719720e-02	4.41614969e-02	1.39297908e+00	6.71417566e-01	7.21561510e-01
5228            	-2.50626788e-02	4.41399792e-02	1.39311162e+00	6.71493133e-01	7.21618491e-01
5229            	-2.50539443e-02	4.41183731e-02	1.39324227e+00	6.71567189e-01	7.21675078e-01
5230            	-2.50457125e-02	4.40967422e-02	1.39337139e+00	6.71639981e-01	7.21731406e-01
5231            	-2.50379045e-02	4.40751683e-02	1.39349933e+00	6.71711761e-01	7.21787570e-01
5232            	-2.50304357e-02	4.40537306e-02	1.39362637e+00	6.71782749e-01	7.21843620e-01
5233            	-2.50232302e-02	4.40324885e-02	1.39375266e+00	6.71853099e-01	7.21899560e-01
5234            	-2.50162320e-02	4.40114754e-02	1.39387826e+00	6.71922897e-01	7.21955361e-01
5235            	-2.50102833e-02	4.39913712e-02	1.39399598e+00	6.71987708e-01	7.22008275e-01
5236            	-2.50043336e-02	4.39709802e-02	1.39411550e+00	6.72053415e-01	7.22062082e-01
5237            	-2.49983331e-02	4.39504099e-02	1.39423700e+00	6.72120165e-01	7.22116831e-01
5238            	-2.49922704e-02	4.39298264e-02	1.39436011e+00	6.72187783e-01	7.22172324e-01
5239            	-2.49861747e-02	4.39093951e-02	1.39448404e+00	6.72255846e-01	7.22228196e-01
5240            	-2.49813372e-02	4.38898614e-02	1.39459671e+00	6.72317019e-01	7.22279694e-01
5241            	-2.49752142e-02	4.38692459e-02	1.39472340e+00	6.72386486e-01	7.22336914e-01
5242            	-2.49704980e-02	4.38496584e-02	1.39483733e+00	6.72448166e-01	7.22389162e-01
5243            	-2.49658816e-02	4.38298113e-02	1.39495232e+00	6.72510280e-01	7.22442043e-01
5244            	-2.49614083e-02	4.38097722e-02	1.39506801e+00	6.72572598e-01	7.22495415e-01
5245            	-2.49571278e-02	4.37896615e-02	1.39518371e+00	6.72634725e-01	7.22548981e-01
5246            	-2.49530879e-02	4.37696171e-02	1.39529856e+00	6.72696194e-01	7.22602370e-01
5247            	-2.49493365e-02	4.37497343e-02	1.39541182e+00	6.72756575e-01	7.22655248e-01
5248            	-2.49459214e-02	4.37300461e-02	1.39552292e+00	6.72815538e-01	7.22707380e-01
5249            	-2.49428928e-02	4.37105338e-02	1.39563156e+00	6.72872889e-01	7.22758675e-01
5250            	-2.49402634e-02	4.36911504e-02	1.39573777e+00	6.72928623e-01	7.22809149e-01
5251            	-2.49380492e-02	4.36718265e-02	1.39584171e+00	6.72982808e-01	7.22858906e-01
5252            	-2.49362491e-02	4.36525060e-02	1.39594369e+00	6.73035593e-01	7.22908092e-01
5253            	-2.49348460e-02	4.36331554e-02	1.39604401e+00	6.73087161e-01	7.22956853e-01
5254            	-2.49338142e-02	4.36137600e-02	1.39614298e+00	6.73137677e-01	7.23005305e-01
5255            	-2.49331355e-02	4.35943223e-02	1.39624079e+00	6.73187258e-01	7.23053529e-01
5256            	-2.49327516e-02	4.35748675e-02	1.39633758e+00	6.73236037e-01	7.23101540e-01
5257            	-2.49326427e-02	4.35553931e-02	1.39643333e+00	6.73284022e-01	7.23149307e-01
5258            	-2.49328060e-02	4.35358820e-02	1.39652793e+00	6.73331157e-01	7.23196769e-01
5259            	-2.49332546e-02	4.35163026e-02	1.39662120e+00	6.73377346e-01	7.23243855e-01
5260            	-2.49340162e-02	4.34966109e-02	1.39671295e+00	6.73422461e-01	7.23290494e-01
5261            	-2.49354698e-02	4.34777611e-02	1.39679531e+00	6.73462183e-01	7.23333122e-01
5262            	-2.49370333e-02	4.34569800e-02	1.39688619e+00	6.73506064e-01	7.23380131e-01
5263            	-2.49389881e-02	4.34360736e-02	1.39697558e+00	6.73548803e-01	7.23426779e-01
5264            	-2.49415252e-02	4.34162941e-02	1.39705533e+00	6.73586140e-01	7.23469191e-01
5265            	-2.49445331e-02	4.33958082e-02	1.39713496e+00	6.73622945e-01	7.23512011e-01
5266            	-2.49480615e-02	4.33746267e-02	1.39721457e+00	6.73659224e-01	7.23555347e-01
5267            	-2.49520980e-02	4.33515432e-02	1.39730120e+00	6.73698502e-01	7.23602698e-01
5268            	-2.49565024e-02	4.33301693e-02	1.39737744e+00	6.73732216e-01	7.23645221e-01
5269            	-2.49614171e-02	4.33084561e-02	1.39745183e+00	6.73764498e-01	7.23687333e-01
5270            	-2.49669190e-02	4.32863074e-02	1.39752427e+00	6.73795218e-01	7.23729056e-01
5271            	-2.49730157e-02	4.32636961e-02	1.39759469e+00	6.73824331e-01	7.23770362e-01
5272            	-2.49797397e-02	4.32406077e-02	1.39766293e+00	6.73851724e-01	7.23811203e-01
5273            	-2.49871153e-02	4.32170501e-02	1.39772881e+00	6.73877288e-01	7.23851519e-01
5274            	-2.49951837e-02	4.31930332e-02	1.39779217e+00	6.73900900e-01	7.23891267e-01
5275            	-2.50030611e-02	4.31706267e-02	1.39784625e+00	6.73920065e-01	7.23926187e-01
5276            	-2.50128058e-02	4.31445836e-02	1.39790748e+00	6.73940934e-01	7.23966545e-01
5277            	-2.50221418e-02	4.31204744e-02	1.39796027e+00	6.73957994e-01	7.24002278e-01
5278            	-2.50335510e-02	4.30928203e-02	1.39801909e+00	6.73975993e-01	7.24043095e-01
5279            	-2.50441982e-02	4.30677239e-02	1.39806913e+00	6.73990368e-01	7.24078764e-01
5280            	-2.50555813e-02	4.30417987e-02	1.39811838e+00	6.74003608e-01	7.24114771e-01
5281            	-2.50677000e-02	4.30150752e-02	1.39816674e+00	6.74015672e-01	7.24151072e-01
5282            	-2.50805299e-02	4.29876966e-02	1.39821382e+00	6.74026382e-01	7.24187442e-01
5283            	-2.50939356e-02	4.29599040e-02	1.39825919e+00	6.74035657e-01	7.24223528e-01
5284            	-2.51078105e-02	4.29318940e-02	1.39830239e+00	6.74043382e-01	7.24259003e-01
5285            	-2.51220824e-02	4.29037885e-02	1.39834313e+00	6.74049482e-01	7.24293647e-01
5286            	-2.51366321e-02	4.28756704e-02	1.39838142e+00	6.74054077e-01	7.24327341e-01
5287            	-2.51514083e-02	4.28475400e-02	1.39841737e+00	6.74057277e-01	7.24360093e-01
5288            	-2.51664178e-02	4.28193318e-02	1.39845123e+00	6.74059198e-01	7.24392033e-01
5289            	-2.51816180e-02	4.27910001e-02	1.39848339e+00	6.74060079e-01	7.24423315e-01
5290            	-2.51970269e-02	4.27624735e-02	1.39851417e+00	6.74060058e-01	7.24454112e-01
5291            	-2.52126813e-02	4.27336984e-02	1.39854381e+00	6.74059222e-01	7.24484585e-01
5292            	-2.52285457e-02	4.27046882e-02	1.39857252e+00	6.74057714e-01	7.24514806e-01
5293            	-2.52446349e-02	4.26754509e-02	1.39860038e+00	6.74055554e-01	7.24544824e-01
5294            	-2.52608868e-02	4.26460526e-02	1.39862744e+00	6.74052832e-01	7.24574606e-01
5295            	-2.52772713e-02	4.26165487e-02	1.39865365e+00	6.74049552e-01	7.24604094e-01
5296            	-2.52911378e-02	4.25907682e-02	1.39867697e+00	6.74047349e-01	7.24629625e-01
5297            	-2.53081508e-02	4.25600581e-02	1.39870282e+00	6.74043260e-01	7.24659562e-01
5298            	-2.53253690e-02	4.25292276e-02	1.39872807e+00	6.74038663e-01	7.24689402e-01
5299            	-2.53426108e-02	4.24986062e-02	1.39875227e+00	6.74033525e-01	7.24718747e-01
5300            	-2.53597110e-02	4.24684479e-02	1.39877508e+00	6.74027830e-01	7.24747252e-01
5301            	-2.53738033e-02	4.24427164e-02	1.39879499e+00	6.74023690e-01	7.24771297e-01
5302            	-2.53906425e-02	4.24127323e-02	1.39881620e+00	6.74017455e-01	7.24798740e-01
5303            	-2.54071793e-02	4.23832131e-02	1.39883662e+00	6.74011132e-01	7.24825490e-01
5304            	-2.54206434e-02	4.23580667e-02	1.39885507e+00	6.74006890e-01	7.24848177e-01
5305            	-2.54366613e-02	4.23287599e-02	1.39887518e+00	6.74000930e-01	7.24874253e-01
5306            	-2.54522912e-02	4.22999818e-02	1.39889501e+00	6.73995214e-01	7.24899797e-01
5307            	-2.54649204e-02	4.22755598e-02	1.39891319e+00	6.73991675e-01	7.24921516e-01
5308            	-2.54798618e-02	4.22472027e-02	1.39893323e+00	6.73986754e-01	7.24946478e-01
5309            	-2.54919518e-02	4.22230789e-02	1.39895178e+00	6.73983940e-01	7.24967844e-01
5310            	-2.55062802e-02	4.21950038e-02	1.39897245e+00	6.73979943e-01	7.24992503e-01
5311            	-2.55178428e-02	4.21711885e-02	1.39899144e+00	6.73977877e-01	7.25013562e-01
5312            	-2.55315050e-02	4.21435555e-02	1.39901251e+00	6.73974748e-01	7.25037758e-01
5313            	-2.55424517e-02	4.21202612e-02	1.39903158e+00	6.73973336e-01	7.25058239e-01
5314            	-2.55552705e-02	4.20934063e-02	1.39905257e+00	6.73971013e-01	7.25081554e-01
5315            	-2.55654308e-02	4.20709179e-02	1.39907134e+00	6.73970239e-01	7.25101101e-01
5316            	-2.55752577e-02	4.20485419e-02	1.39909028e+00	6.73969883e-01	7.25120398e-01
5317            	-2.55867146e-02	4.20227070e-02	1.39911153e+00	6.73969049e-01	7.25142478e-01
5318            	-2.55957149e-02	4.20011931e-02	1.39913053e+00	6.73969553e-01	7.25160982e-01
5319            	-2.56043433e-02	4.19799018e-02	1.39914981e+00	6.73970564e-01	7.25179250e-01
5320            	-2.56142362e-02	4.19555399e-02	1.39917179e+00	6.73971661e-01	7.25200133e-01
5321            	-2.56218928e-02	4.19354625e-02	1.39919121e+00	6.73973714e-01	7.25217499e-01
5322            	-2.56291144e-02	4.19157807e-02	1.39921083e+00	6.73976300e-01	7.25234529e-01
5323            	-2.56359382e-02	4.18964007e-02	1.39923092e+00	6.73979522e-01	7.25251398e-01
5324            	-2.56424281e-02	4.18772372e-02	1.39925156e+00	6.73983354e-01	7.25268210e-01
5325            	-2.56496892e-02	4.18554554e-02	1.39927571e+00	6.73988166e-01	7.25287544e-01
5326            	-2.56552259e-02	4.18377201e-02	1.39929644e+00	6.73992995e-01	7.25303446e-01
5327            	-2.56603025e-02	4.18205549e-02	1.39931714e+00	6.73998266e-01	7.25318871e-01
5328            	-2.56649928e-02	4.18038295e-02	1.39933782e+00	6.74003915e-01	7.25333901e-01
5329            	-2.56693194e-02	4.17874733e-02	1.39935866e+00	6.74010011e-01	7.25348650e-01
5330            	-2.56733504e-02	4.17713999e-02	1.39937966e+00	6.74016481e-01	7.25363182e-01
5331            	-2.56770794e-02	4.17556237e-02	1.39940091e+00	6.74023376e-01	7.25377535e-01
5332            	-2.56805457e-02	4.17401434e-02	1.39942225e+00	6.74030579e-01	7.25391671e-01
5333            	-2.56837139e-02	4.17250416e-02	1.39944365e+00	6.74038109e-01	7.25405537e-01
5334            	-2.56866118e-02	4.17103493e-02	1.39946485e+00	6.74045813e-01	7.25419036e-01
5335            	-2.56891997e-02	4.16961501e-02	1.39948581e+00	6.74053703e-01	7.25432102e-01
5336            	-2.56915164e-02	4.16824470e-02	1.39950630e+00	6.74061632e-01	7.25444665e-01
5337            	-2.56935334e-02	4.16692911e-02	1.39952635e+00	6.74069640e-01	7.25456707e-01
5338            	-2.56953108e-02	4.16566387e-02	1.39954582e+00	6.74077597e-01	7.25468219e-01
5339            	-2.56968361e-02	4.16444986e-02	1.39956482e+00	6.74085572e-01	7.25479244e-01
5340            	-2.56981841e-02	4.16327890e-02	1.39958329e+00	6.74093459e-01	7.25489827e-01
5341            	-2.56993474e-02	4.16215024e-02	1.39960137e+00	6.74101337e-01	7.25500032e-01
5342            	-2.57004083e-02	4.16105393e-02	1.39961899e+00	6.74109085e-01	7.25509902e-01
5343            	-2.57013507e-02	4.15999243e-02	1.39963623e+00	6.74116766e-01	7.25519468e-01
5344            	-2.57022528e-02	4.15895791e-02	1.39965297e+00	6.74124234e-01	7.25528740e-01
5345            	-2.57030978e-02	4.15795111e-02	1.39966927e+00	6.74131537e-01	7.25537732e-01
5346            	-2.57039587e-02	4.15696495e-02	1.39968494e+00	6.74138513e-01	7.25546430e-01
5347            	-2.57048063e-02	4.15600196e-02	1.39970004e+00	6.74145213e-01	7.25554825e-01
5348            	-2.57057017e-02	4.15505715e-02	1.39971436e+00	6.74151477e-01	7.25562881e-01
5349            	-2.57066021e-02	4.15413479e-02	1.39972795e+00	6.74157374e-01	7.25570578e-01
5350            	-2.57075590e-02	4.15323095e-02	1.39974065e+00	6.74162766e-01	7.25577884e-01
5351            	-2.57085207e-02	4.15235083e-02	1.39975254e+00	6.74167748e-01	7.25584790e-01
5352            	-2.57095342e-02	4.15149094e-02	1.39976349e+00	6.74172209e-01	7.25591278e-01
5353            	-2.57105454e-02	4.15065670e-02	1.39977362e+00	6.74176264e-01	7.25597354e-01
5354            	-2.57116026e-02	4.14984397e-02	1.39978284e+00	6.74179815e-01	7.25603020e-01
5355            	-2.57126539e-02	4.14905751e-02	1.39979129e+00	6.74182989e-01	7.25608297e-01
5356            	-2.57137518e-02	4.14829266e-02	1.39979888e+00	6.74185688e-01	7.25613191e-01
5357            	-2.57148798e-02	4.14760443e-02	1.39980523e+00	6.74187733e-01	7.25617493e-01
5358            	-2.57161239e-02	4.14690651e-02	1.39981124e+00	6.74189498e-01	7.25621746e-01
5359            	-2.57174478e-02	4.14620116e-02	1.39981693e+00	6.74191016e-01	7.25625912e-01
5360            	-2.57188805e-02	4.14549281e-02	1.39982192e+00	6.74192077e-01	7.25629838e-01
5361            	-2.57203367e-02	4.14479955e-02	1.39982606e+00	6.74192692e-01	7.25633365e-01
5362            	-2.57218409e-02	4.14412739e-02	1.39982904e+00	6.74192680e-01	7.25636362e-01
5363            	-2.57233285e-02	4.14348640e-02	1.39983097e+00	6.74192156e-01	7.25638813e-01
5364            	-2.57248509e-02	4.14287162e-02	1.39983182e+00	6.74191061e-01	7.25640762e-01
5365            	-2.57263727e-02	4.14228258e-02	1.39983186e+00	6.74189557e-01	7.25642303e-01
5366            	-2.57279572e-02	4.14171044e-02	1.39983109e+00	6.74187588e-01	7.25643503e-01
5367            	-2.57295785e-02	4.14115511e-02	1.39982968e+00	6.74185262e-01	7.25644419e-01
5368            	-2.57312967e-02	4.14060942e-02	1.39982754e+00	6.74182474e-01	7.25645067e-01
5369            	-2.57330810e-02	4.14007499e-02	1.39982473e+00	6.74179284e-01	7.25645446e-01
5370            	-2.57349818e-02	4.13954638e-02	1.39982108e+00	6.74175560e-01	7.25645524e-01
5371            	-2.57369617e-02	4.13902635e-02	1.39981662e+00	6.74171347e-01	7.25645271e-01
5372            	-2.57390600e-02	4.13851092e-02	1.39981117e+00	6.74166525e-01	7.25644645e-01
5373            	-2.57412328e-02	4.13800385e-02	1.39980478e+00	6.74161157e-01	7.25643623e-01
5374            	-2.57435121e-02	4.13750195e-02	1.39979734e+00	6.74155156e-01	7.25642180e-01
5375            	-2.57458513e-02	4.13700944e-02	1.39978892e+00	6.74148608e-01	7.25640311e-01
5376            	-2.57482766e-02	4.13652387e-02	1.39977947e+00	6.74141456e-01	7.25638009e-01
5377            	-2.57507400e-02	4.13604993e-02	1.39976908e+00	6.74133802e-01	7.25635282e-01
5378            	-2.57532700e-02	4.13558480e-02	1.39975770e+00	6.74125582e-01	7.25632122e-01
5379            	-2.57558212e-02	4.13513302e-02	1.39974543e+00	6.74116896e-01	7.25628538e-01
5380            	-2.57583722e-02	4.13469695e-02	1.39973233e+00	6.74107791e-01	7.25624535e-01
5381            	-2.57609564e-02	4.13427355e-02	1.39971832e+00	6.74098202e-01	7.25620115e-01
5382            	-2.57635329e-02	4.13386691e-02	1.39970352e+00	6.74088229e-01	7.25615295e-01
5383            	-2.57661316e-02	4.13347420e-02	1.39968791e+00	6.74077825e-01	7.25610088e-01
5384            	-2.57687052e-02	4.13310012e-02	1.39967164e+00	6.74067117e-01	7.25604527e-01
5385            	-2.57712739e-02	4.13274276e-02	1.39965474e+00	6.74056096e-01	7.25598643e-01
5386            	-2.57737850e-02	4.13240720e-02	1.39963739e+00	6.74044911e-01	7.25592481e-01
5387            	-2.57762066e-02	4.13209644e-02	1.39961974e+00	6.74033664e-01	7.25586077e-01
5388            	-2.57785653e-02	4.13180766e-02	1.39960180e+00	6.74022333e-01	7.25579464e-01
5389            	-2.57808207e-02	4.13154445e-02	1.39958365e+00	6.74011006e-01	7.25572647e-01
5390            	-2.57830009e-02	4.13130331e-02	1.39956531e+00	6.73999653e-01	7.25565655e-01
5391            	-2.57850588e-02	4.13108834e-02	1.39954693e+00	6.73988406e-01	7.25558523e-01
5392            	-2.57870382e-02	4.13089490e-02	1.39952833e+00	6.73977125e-01	7.25551201e-01
5393            	-2.57889110e-02	4.13072537e-02	1.39950949e+00	6.73965832e-01	7.25543654e-01
5394            	-2.57906757e-02	4.13057972e-02	1.39949031e+00	6.73954478e-01	7.25535830e-01
5395            	-2.57923918e-02	4.13045192e-02	1.39947056e+00	6.73942888e-01	7.25527671e-01
5396            	-2.57940363e-02	4.13034447e-02	1.39945029e+00	6.73931109e-01	7.25519182e-01
5397            	-2.57956548e-02	4.13025326e-02	1.39942946e+00	6.73919076e-01	7.25510386e-01
5398            	-2.57972292e-02	4.13018160e-02	1.39940798e+00	6.73906763e-01	7.25501221e-01
5399            	-2.57988028e-02	4.13012611e-02	1.39938573e+00	6.73894062e-01	7.25491668e-01
5400            	-2.58003422e-02	4.13009097e-02	1.39936282e+00	6.73881069e-01	7.25481754e-01
5401            	-2.58018814e-02	4.13007390e-02	1.39933918e+00	6.73867706e-01	7.25471469e-01
5402            	-2.58033803e-02	4.13007956e-02	1.39931497e+00	6.73854103e-01	7.25460863e-01
5403            	-2.58048141e-02	4.13011117e-02	1.39929034e+00	6.73840358e-01	7.25449986e-01
5404            	-2.58062075e-02	4.13016664e-02	1.39926538e+00	6.73826481e-01	7.25438896e-01
5405            	-2.58075217e-02	4.13024998e-02	1.39924025e+00	6.73812605e-01	7.25427649e-01
5406            	-2.58087776e-02	4.13035878e-02	1.39921504e+00	6.73798742e-01	7.25416297e-01
5407            	-2.58099362e-02	4.13049644e-02	1.39918987e+00	6.73785000e-01	7.25404873e-01
5408            	-2.58110233e-02	4.13065996e-02	1.39916467e+00	6.73771314e-01	7.25393360e-01
5409            	-2.58120111e-02	4.13085145e-02	1.39913945e+00	6.73757713e-01	7.25381735e-01
5410            	-2.58129302e-02	4.13106734e-02	1.39911406e+00	6.73744097e-01	7.25369958e-01
5411            	-2.58137587e-02	4.13130909e-02	1.39908849e+00	6.73730488e-01	7.25358006e-01
5412            	-2.58144935e-02	4.13157648e-02	1.39906272e+00	6.73716865e-01	7.25345852e-01
5413            	-2.58151801e-02	4.13186449e-02	1.39903659e+00	6.73703117e-01	7.25333477e-01
5414            	-2.58158074e-02	4.13217375e-02	1.39901015e+00	6.73689266e-01	7.25320881e-01
5415            	-2.58164187e-02	4.13249986e-02	1.39898329e+00	6.73675226e-01	7.25308063e-01
5416            	-2.58169992e-02	4.13284433e-02	1.39895608e+00	6.73661041e-01	7.25295039e-01
5417            	-2.58175860e-02	4.13320380e-02	1.39892847e+00	6.73646651e-01	7.25281823e-01
5418            	-2.58181595e-02	4.13358077e-02	1.39890055e+00	6.73632116e-01	7.25268435e-01
5419            	-2.58187162e-02	4.13404826e-02	1.39886766e+00	6.73615116e-01	7.25252548e-01
5420            	-2.58192822e-02	4.13448214e-02	1.39883767e+00	6.73599555e-01	7.25238119e-01
5421            	-2.58198224e-02	4.13490316e-02	1.39880998e+00	6.73585168e-01	7.25224813e-01
5422            	-2.58203695e-02	4.13532709e-02	1.39878353e+00	6.73571398e-01	7.25212136e-01
5423            	-2.58208984e-02	4.13577074e-02	1.39875756e+00	6.73557883e-01	7.25199680e-01
5424            	-2.58214309e-02	4.13624077e-02	1.39873136e+00	6.73544248e-01	7.25187110e-01
5425            	-2.58219358e-02	4.13674407e-02	1.39870452e+00	6.73530324e-01	7.25174196e-01
5426            	-2.58224015e-02	4.13728121e-02	1.39867678e+00	6.73515991e-01	7.25160794e-01
5427            	-2.58228670e-02	4.13784382e-02	1.39864799e+00	6.73501130e-01	7.25146864e-01
5428            	-2.58233235e-02	4.13842587e-02	1.39861831e+00	6.73485833e-01	7.25132480e-01
5429            	-2.58238238e-02	4.13901474e-02	1.39858790e+00	6.73470126e-01	7.25117773e-01
5430            	-2.58243654e-02	4.13960477e-02	1.39855709e+00	6.73454178e-01	7.25102909e-01
5431            	-2.58249982e-02	4.14018809e-02	1.39852603e+00	6.73438018e-01	7.25088014e-01
5432            	-2.58257105e-02	4.14076635e-02	1.39849490e+00	6.73421740e-01	7.25073161e-01
5433            	-2.58265006e-02	4.14134226e-02	1.39846374e+00	6.73405369e-01	7.25058370e-01
5434            	-2.58274067e-02	4.14191580e-02	1.39843240e+00	6.73388791e-01	7.25043604e-01
5435            	-2.58283987e-02	4.14249335e-02	1.39840087e+00	6.73372035e-01	7.25028833e-01
5436            	-2.58294551e-02	4.14307970e-02	1.39836913e+00	6.73355109e-01	7.25014019e-01
5437            	-2.58306001e-02	4.14367379e-02	1.39833705e+00	6.73337924e-01	7.24999124e-01
5438            	-2.58317950e-02	4.14427925e-02	1.39830469e+00	6.73320551e-01	7.24984141e-01
5439            	-2.58330611e-02	4.14489267e-02	1.39827201e+00	6.73302945e-01	7.24969067e-01
5440            	-2.58343618e-02	4.14551570e-02	1.39823911e+00	6.73285194e-01	7.24953918e-01
5441            	-2.58357257e-02	4.14614351e-02	1.39820594e+00	6.73267242e-01	7.24938694e-01
5442            	-2.58371258e-02	4.14677644e-02	1.39817259e+00	6.73249167e-01	7.24923418e-01
5443            	-2.58385582e-02	4.14741306e-02	1.39813909e+00	6.73230987e-01	7.24908104e-01
5444            	-2.58400737e-02	4.14804741e-02	1.39810533e+00	6.73212589e-01	7.24892737e-01
5445            	-2.58416589e-02	4.14868047e-02	1.39807130e+00	6.73193992e-01	7.24877310e-01
5446            	-2.58433183e-02	4.14931236e-02	1.39803696e+00	6.73175159e-01	7.24861796e-01
5447            	-2.58451027e-02	4.14993804e-02	1.39800215e+00	6.73155973e-01	7.24846178e-01
5448            	-2.58469906e-02	4.15055985e-02	1.39796692e+00	6.73136470e-01	7.24830451e-01
5449            	-2.58490200e-02	4.15117426e-02	1.39793117e+00	6.73116564e-01	7.24814604e-01
5450            	-2.58511553e-02	4.15178442e-02	1.39789500e+00	6.73096344e-01	7.24798654e-01
5451            	-2.58533766e-02	4.15239198e-02	1.39785848e+00	6.73075865e-01	7.24782618e-01
5452            	-2.58557187e-02	4.15299351e-02	1.39782156e+00	6.73055063e-01	7.24766501e-01
5453            	-2.58581426e-02	4.15359281e-02	1.39778435e+00	6.73034034e-01	7.24750319e-01
5454            	-2.58606288e-02	4.15419172e-02	1.39774691e+00	6.73012824e-01	7.24734082e-01
5455            	-2.58632228e-02	4.15478761e-02	1.39770906e+00	6.72991308e-01	7.24717754e-01
5456            	-2.58658761e-02	4.15538054e-02	1.39767111e+00	6.72969679e-01	7.24701431e-01
5457            	-2.58685694e-02	4.15597144e-02	1.39763311e+00	6.72947987e-01	7.24685126e-01
5458            	-2.58713468e-02	4.15655471e-02	1.39759498e+00	6.72926143e-01	7.24668836e-01
5459            	-2.58741727e-02	4.15713201e-02	1.39755680e+00	6.72904229e-01	7.24652574e-01
5460            	-2.58770452e-02	4.15770018e-02	1.39751857e+00	6.72882241e-01	7.24636331e-01
5461            	-2.58799989e-02	4.15824797e-02	1.39748035e+00	6.72860178e-01	7.24620176e-01
5462            	-2.58829096e-02	4.15878004e-02	1.39744281e+00	6.72838495e-01	7.24604314e-01
5463            	-2.58857732e-02	4.15931096e-02	1.39740544e+00	6.72816946e-01	7.24588492e-01
5464            	-2.58886725e-02	4.15984468e-02	1.39736755e+00	6.72795100e-01	7.24572446e-01
5465            	-2.58916387e-02	4.16038636e-02	1.39732862e+00	6.72772669e-01	7.24555947e-01
5466            	-2.58951778e-02	4.16098797e-02	1.39728402e+00	6.72746830e-01	7.24537186e-01
5467            	-2.58988637e-02	4.16155802e-02	1.39723914e+00	6.72720704e-01	7.24518432e-01
5468            	-2.59021457e-02	4.16205099e-02	1.39719901e+00	6.72697357e-01	7.24501648e-01
5469            	-2.59059356e-02	4.16258534e-02	1.39715503e+00	6.72671580e-01	7.24483451e-01
5470            	-2.59097291e-02	4.16309643e-02	1.39711218e+00	6.72646361e-01	7.24465819e-01
5471            	-2.59134569e-02	4.16359499e-02	1.39707054e+00	6.72621812e-01	7.24448726e-01
5472            	-2.59170768e-02	4.16408923e-02	1.39702998e+00	6.72597913e-01	7.24432067e-01
5473            	-2.59206540e-02	4.16458153e-02	1.39698984e+00	6.72574265e-01	7.24415573e-01
5474            	-2.59246044e-02	4.16509947e-02	1.39694638e+00	6.72548588e-01	7.24397797e-01
5475            	-2.59283609e-02	4.16559902e-02	1.39690428e+00	6.72523781e-01	7.24380503e-01
5476            	-2.59319938e-02	4.16607789e-02	1.39686318e+00	6.72499595e-01	7.24363583e-01
5477            	-2.59355753e-02	4.16654679e-02	1.39682216e+00	6.72475505e-01	7.24346656e-01
5478            	-2.59391776e-02	4.16701207e-02	1.39678051e+00	6.72451077e-01	7.24329432e-01
5479            	-2.59429088e-02	4.16747092e-02	1.39673767e+00	6.72425928e-01	7.24311746e-01
5480            	-2.59467793e-02	4.16792475e-02	1.39669359e+00	6.72400015e-01	7.24293574e-01
5481            	-2.59507913e-02	4.16837205e-02	1.39664842e+00	6.72373418e-01	7.24275000e-01
5482            	-2.59554638e-02	4.16882975e-02	1.39659861e+00	6.72343841e-01	7.24254768e-01
5483            	-2.59597113e-02	4.16923912e-02	1.39655303e+00	6.72316803e-01	7.24236225e-01
5484            	-2.59639626e-02	4.16964225e-02	1.39650800e+00	6.72290035e-01	7.24217961e-01
5485            	-2.59682064e-02	4.17004196e-02	1.39646360e+00	6.72263593e-01	7.24200005e-01
5486            	-2.59723782e-02	4.17044706e-02	1.39641982e+00	6.72237533e-01	7.24182289e-01
5487            	-2.59764623e-02	4.17086190e-02	1.39637638e+00	6.72211729e-01	7.24164653e-01
5488            	-2.59805193e-02	4.17128228e-02	1.39633282e+00	6.72185888e-01	7.24146927e-01
5489            	-2.59845445e-02	4.17170825e-02	1.39628889e+00	6.72159899e-01	7.24128988e-01
5490            	-2.59885558e-02	4.17213630e-02	1.39624442e+00	6.72133653e-01	7.24110764e-01
5491            	-2.59926225e-02	4.17255702e-02	1.39619925e+00	6.72107003e-01	7.24092248e-01
5492            	-2.59967298e-02	4.17296864e-02	1.39615354e+00	6.72080042e-01	7.24073502e-01
5493            	-2.60008746e-02	4.17336946e-02	1.39610746e+00	6.72052853e-01	7.24054603e-01
5494            	-2.60050989e-02	4.17375458e-02	1.39606107e+00	6.72025435e-01	7.24035633e-01
5495            	-2.60093585e-02	4.17412800e-02	1.39601465e+00	6.71997966e-01	7.24016683e-01
5496            	-2.60136227e-02	4.17449346e-02	1.39596837e+00	6.71970561e-01	7.23997806e-01
5497            	-2.60179139e-02	4.17485029e-02	1.39592221e+00	6.71943192e-01	7.23979020e-01
5498            	-2.60221798e-02	4.17520472e-02	1.39587629e+00	6.71915963e-01	7.23960322e-01
5499            	-2.60263941e-02	4.17556043e-02	1.39583057e+00	6.71888890e-01	7.23941678e-01
5500            	-2.60305897e-02	4.17591493e-02	1.39578491e+00	6.71861865e-01	7.23923044e-01
5501            	-2.60347281e-02	4.17627153e-02	1.39573933e+00	6.71834937e-01	7.23904394e-01
5502            	-2.60387984e-02	4.17663078e-02	1.39569380e+00	6.71808100e-01	7.23885697e-01
5503            	-2.60428481e-02	4.17698769e-02	1.39564817e+00	6.71781235e-01	7.23866931e-01
5504            	-2.60468524e-02	4.17734383e-02	1.39560250e+00	6.71754396e-01	7.23848101e-01
5505            	-2.60508100e-02	4.17769898e-02	1.39555679e+00	6.71727586e-01	7.23829206e-01
5506            	-2.60547731e-02	4.17804827e-02	1.39551096e+00	6.71700706e-01	7.23810252e-01
5507            	-2.60587164e-02	4.17839402e-02	1.39546509e+00	6.71673830e-01	7.23791262e-01
5508            	-2.60626333e-02	4.17873710e-02	1.39541923e+00	6.71646983e-01	7.23772250e-01
5509            	-2.60665681e-02	4.17907393e-02	1.39537331e+00	6.71620087e-01	7.23753223e-01
5510            	-2.60704858e-02	4.17940800e-02	1.39532742e+00	6.71593226e-01	7.23734198e-01
5511            	-2.60743720e-02	4.17974096e-02	1.39528161e+00	6.71566431e-01	7.23715175e-01
5512            	-2.60782640e-02	4.18006970e-02	1.39523577e+00	6.71539622e-01	7.23696150e-01
5513            	-2.60821217e-02	4.18039773e-02	1.39519001e+00	6.71512884e-01	7.23677127e-01
5514            	-2.60859291e-02	4.18072644e-02	1.39514434e+00	6.71486241e-01	7.23658100e-01
5515            	-2.60897230e-02	4.18105236e-02	1.39509867e+00	6.71459614e-01	7.23639060e-01
5516            	-2.60934648e-02	4.18137860e-02	1.39505310e+00	6.71433085e-01	7.23620015e-01
5517            	-2.60971427e-02	4.18170606e-02	1.39500763e+00	6.71406674e-01	7.23600960e-01
5518            	-2.61007991e-02	4.18203093e-02	1.39496218e+00	6.71380293e-01	7.23581891e-01
5519            	-2.61044005e-02	4.18235601e-02	1.39491684e+00	6.71354019e-01	7.23562820e-01
5520            	-2.61079400e-02	4.18268197e-02	1.39487162e+00	6.71327868e-01	7.23543748e-01
5521            	-2.61114623e-02	4.18300492e-02	1.39482643e+00	6.71301751e-01	7.23524676e-01
5522            	-2.61149348e-02	4.18332772e-02	1.39478136e+00	6.71275748e-01	7.23505617e-01
5523            	-2.61183528e-02	4.18365117e-02	1.39473642e+00	6.71249859e-01	7.23486564e-01
5524            	-2.61217623e-02	4.18397154e-02	1.39469149e+00	6.71223985e-01	7.23467510e-01
5525            	-2.61251304e-02	4.18429185e-02	1.39464665e+00	6.71198197e-01	7.23448458e-01
5526            	-2.61284497e-02	4.18461288e-02	1.39460191e+00	6.71172504e-01	7.23429403e-01
5527            	-2.61317165e-02	4.18493505e-02	1.39455726e+00	6.71146912e-01	7.23410345e-01
5528            	-2.61349756e-02	4.18525437e-02	1.39451262e+00	6.71121336e-01	7.23391288e-01
5529            	-2.61381918e-02	4.18557392e-02	1.39446810e+00	6.71095857e-01	7.23372241e-01
5530            	-2.61413555e-02	4.18589461e-02	1.39442370e+00	6.71070495e-01	7.23353206e-01
5531            	-2.61444609e-02	4.18621699e-02	1.39437944e+00	6.71045261e-01	7.23334183e-01
5532            	-2.61475550e-02	4.18653708e-02	1.39433524e+00	6.71020063e-01	7.23315173e-01
5533            	-2.61506013e-02	4.18685794e-02	1.39429117e+00	6.70994985e-01	7.23296188e-01
5534            	-2.61535915e-02	4.18718029e-02	1.39424727e+00	6.70970043e-01	7.23277226e-01
5535            	-2.61565691e-02	4.18750042e-02	1.39420343e+00	6.70945147e-01	7.23258285e-01
5536            	-2.61594966e-02	4.18782145e-02	1.39415975e+00	6.70920379e-01	7.23239373e-01
5537            	-2.61623672e-02	4.18814395e-02	1.39411623e+00	6.70895749e-01	7.23220483e-01
5538            	-2.61651795e-02	4.18846807e-02	1.39407286e+00	6.70871252e-01	7.23201611e-01
5539            	-2.61679826e-02	4.18878962e-02	1.39402954e+00	6.70846789e-01	7.23182754e-01
5540            	-2.61707408e-02	4.18911157e-02	1.39398636e+00	6.70822440e-01	7.23163921e-01
5541            	-2.61734480e-02	4.18943446e-02	1.39394332e+00	6.70798214e-01	7.23145110e-01
5542            	-2.61761020e-02	4.18975858e-02	1.39390044e+00	6.70774116e-01	7.23126320e-01
5543            	-2.61787507e-02	4.19007995e-02	1.39385760e+00	6.70750049e-01	7.23107550e-01
5544            	-2.61813560e-02	4.19040173e-02	1.39381491e+00	6.70726101e-01	7.23088813e-01
5545            	-2.61839106e-02	4.19072466e-02	1.39377239e+00	6.70702286e-01	7.23070107e-01
5546            	-2.61864121e-02	4.19104905e-02	1.39373004e+00	6.70678607e-01	7.23051431e-01
5547            	-2.61889090e-02	4.19137085e-02	1.39368775e+00	6.70654966e-01	7.23032784e-01
5548            	-2.61913637e-02	4.19169319e-02	1.39364562e+00	6.70631448e-01	7.23014176e-01
5549            	-2.61937693e-02	4.19201662e-02	1.39360367e+00	6.70608066e-01	7.22995604e-01
5550            	-2.61961240e-02	4.19234132e-02	1.39356189e+00	6.70584820e-01	7.22977068e-01
5551            	-2.61984772e-02	4.19266319e-02	1.39352018e+00	6.70561611e-01	7.22958565e-01
5552            	-2.62007908e-02	4.19298533e-02	1.39347862e+00	6.70538522e-01	7.22940103e-01
5553            	-2.62030584e-02	4.19330827e-02	1.39343724e+00	6.70515561e-01	7.22921678e-01
5554            	-2.62052786e-02	4.19363214e-02	1.39339602e+00	6.70492731e-01	7.22903288e-01
5555            	-2.62074997e-02	4.19395292e-02	1.39335487e+00	6.70469934e-01	7.22884934e-01
5556            	-2.62096819e-02	4.19427381e-02	1.39331389e+00	6.70447261e-01	7.22866625e-01
5557            	-2.62118195e-02	4.19459531e-02	1.39327308e+00	6.70424720e-01	7.22848359e-01
5558            	-2.62139114e-02	4.19491756e-02	1.39323244e+00	6.70402310e-01	7.22830133e-01
5559            	-2.62160061e-02	4.19523649e-02	1.39319189e+00	6.70379938e-01	7.22811950e-01
5560            	-2.62180636e-02	4.19555537e-02	1.39315151e+00	6.70357691e-01	7.22793818e-01
5561            	-2.62200777e-02	4.19587470e-02	1.39311131e+00	6.70335579e-01	7.22775735e-01
5562            	-2.62220473e-02	4.19619461e-02	1.39307130e+00	6.70313603e-01	7.22757697e-01
5563            	-2.62240217e-02	4.19651103e-02	1.39303137e+00	6.70291665e-01	7.22739708e-01
5564            	-2.62259608e-02	4.19682714e-02	1.39299163e+00	6.70269853e-01	7.22721775e-01
5565            	-2.62278593e-02	4.19714341e-02	1.39295207e+00	6.70248175e-01	7.22703894e-01
5566            	-2.62297161e-02	4.19745997e-02	1.39291269e+00	6.70226627e-01	7.22686059e-01
5567            	-2.62315804e-02	4.19777274e-02	1.39287339e+00	6.70205113e-01	7.22668274e-01
5568            	-2.62334117e-02	4.19808506e-02	1.39283426e+00	6.70183718e-01	7.22650541e-01
5569            	-2.62352039e-02	4.19839741e-02	1.39279531e+00	6.70162450e-01	7.22632858e-01
5570            	-2.62369563e-02	4.19870989e-02	1.39275653e+00	6.70141311e-01	7.22615223e-01
5571            	-2.62387176e-02	4.19901848e-02	1.39271784e+00	6.70120205e-01	7.22597640e-01
5572            	-2.62404471e-02	4.19932642e-02	1.39267934e+00	6.70099224e-01	7.22580118e-01
5573            	-2.62421390e-02	4.19963424e-02	1.39264103e+00	6.70078376e-01	7.22562654e-01
5574            	-2.62437934e-02	4.19994207e-02	1.39260289e+00	6.70057654e-01	7.22545241e-01
5575            	-2.62454601e-02	4.20024591e-02	1.39256484e+00	6.70036958e-01	7.22527878e-01
5576            	-2.62470988e-02	4.20054896e-02	1.39252695e+00	6.70016375e-01	7.22510573e-01
5577            	-2.62487038e-02	4.20085161e-02	1.39248924e+00	6.69995916e-01	7.22493323e-01
5578            	-2.62500700e-02	4.20114550e-02	1.39245472e+00	6.69977288e-01	7.22477428e-01
5579            	-2.62512112e-02	4.20143753e-02	1.39242323e+00	6.69960403e-01	7.22462825e-01
5580            	-2.62529892e-02	4.20177859e-02	1.39238079e+00	6.69937406e-01	7.22443384e-01
5581            	-2.62547322e-02	4.20209708e-02	1.39233927e+00	6.69914902e-01	7.22424367e-01
5582            	-2.62564186e-02	4.20238959e-02	1.39229947e+00	6.69893316e-01	7.22406153e-01
5583            	-2.62578777e-02	4.20265282e-02	1.39226445e+00	6.69874350e-01	7.22390105e-01
5584            	-2.62590361e-02	4.20291094e-02	1.39223393e+00	6.69857930e-01	7.22376002e-01
5585            	-2.62607883e-02	4.20321078e-02	1.39219351e+00	6.69835968e-01	7.22357545e-01
5586            	-2.62622579e-02	4.20349254e-02	1.39215727e+00	6.69816378e-01	7.22340894e-01
5587            	-2.62634440e-02	4.20376364e-02	1.39212540e+00	6.69799258e-01	7.22326146e-01
5588            	-2.62646291e-02	4.20404808e-02	1.39209266e+00	6.69781699e-01	7.22310957e-01
5589            	-2.62663906e-02	4.20436958e-02	1.39204986e+00	6.69758540e-01	7.22291322e-01
5590            	-2.62680661e-02	4.20466129e-02	1.39200901e+00	6.69736436e-01	7.22272569e-01
5591            	-2.62694481e-02	4.20491894e-02	1.39197362e+00	6.69717364e-01	7.22256260e-01
5592            	-2.62705539e-02	4.20515990e-02	1.39194343e+00	6.69701160e-01	7.22242268e-01
5593            	-2.62716675e-02	4.20541538e-02	1.39191248e+00	6.69684575e-01	7.22227910e-01
5594            	-2.62733407e-02	4.20571079e-02	1.39187154e+00	6.69662429e-01	7.22209111e-01
5595            	-2.62747292e-02	4.20598026e-02	1.39183533e+00	6.69642934e-01	7.22192393e-01
5596            	-2.62757952e-02	4.20623488e-02	1.39180424e+00	6.69626327e-01	7.22177917e-01
5597            	-2.62768925e-02	4.20649576e-02	1.39177263e+00	6.69609424e-01	7.22163209e-01
5598            	-2.62785271e-02	4.20678925e-02	1.39173157e+00	6.69587259e-01	7.22144314e-01
5599            	-2.62798769e-02	4.20704919e-02	1.39169581e+00	6.69568026e-01	7.22127780e-01
5600            	-2.62809103e-02	4.20729020e-02	1.39166555e+00	6.69551862e-01	7.22113683e-01
5601            	-2.62819312e-02	4.20753919e-02	1.39163508e+00	6.69535607e-01	7.22099470e-01
5602            	-2.62833270e-02	4.20780843e-02	1.39159827e+00	6.69515810e-01	7.22082464e-01
5603            	-2.62844265e-02	4.20805770e-02	1.39156653e+00	6.69498839e-01	7.22067692e-01
5604            	-2.62855166e-02	4.20830949e-02	1.39153467e+00	6.69481817e-01	7.22052850e-01
5605            	-2.62869416e-02	4.20857653e-02	1.39149684e+00	6.69461476e-01	7.22035360e-01
5606            	-2.62880543e-02	4.20881649e-02	1.39146470e+00	6.69444295e-01	7.22020404e-01
5607            	-2.62891985e-02	4.20904973e-02	1.39143290e+00	6.69427252e-01	7.22005649e-01
5608            	-2.62906878e-02	4.20929219e-02	1.39139561e+00	6.69407116e-01	7.21988492e-01
5609            	-2.62918469e-02	4.20951135e-02	1.39136429e+00	6.69390296e-01	7.21973989e-01
5610            	-2.62929776e-02	4.20973103e-02	1.39133348e+00	6.69373763e-01	7.21959718e-01
5611            	-2.62940835e-02	4.20995456e-02	1.39130284e+00	6.69357336e-01	7.21945503e-01
5612            	-2.62955632e-02	4.21019009e-02	1.39126624e+00	6.69337557e-01	7.21928683e-01
5613            	-2.62967169e-02	4.21040430e-02	1.39123527e+00	6.69320917e-01	7.21914350e-01
5614            	-2.62978441e-02	4.21061997e-02	1.39120449e+00	6.69304399e-01	7.21900087e-01
5615            	-2.62989439e-02	4.21083843e-02	1.39117376e+00	6.69287938e-01	7.21885825e-01
5616            	-2.63003620e-02	4.21106965e-02	1.39113731e+00	6.69268293e-01	7.21869017e-01
5617            	-2.63014979e-02	4.21127441e-02	1.39110659e+00	6.69251795e-01	7.21854790e-01
5618            	-2.63026140e-02	4.21147802e-02	1.39107631e+00	6.69235540e-01	7.21840768e-01
5619            	-2.63037060e-02	4.21168302e-02	1.39104633e+00	6.69219459e-01	7.21826871e-01
5620            	-2.63047823e-02	4.21189044e-02	1.39101638e+00	6.69203407e-01	7.21812972e-01
5621            	-2.63061882e-02	4.21210845e-02	1.39098073e+00	6.69184179e-01	7.21796555e-01
5622            	-2.63073302e-02	4.21229988e-02	1.39095067e+00	6.69168002e-01	7.21782663e-01
5623            	-2.63084708e-02	4.21248871e-02	1.39092090e+00	6.69151981e-01	7.21768923e-01
5624            	-2.63096023e-02	4.21267717e-02	1.39089136e+00	6.69136077e-01	7.21755282e-01
5625            	-2.63107281e-02	4.21286633e-02	1.39086183e+00	6.69120189e-01	7.21741645e-01
5626            	-2.63118580e-02	4.21305584e-02	1.39083213e+00	6.69104205e-01	7.21727921e-01
5627            	-2.63133887e-02	4.21324668e-02	1.39079662e+00	6.69084921e-01	7.21711699e-01
5628            	-2.63146064e-02	4.21341506e-02	1.39076682e+00	6.69068804e-01	7.21698017e-01
5629            	-2.63158161e-02	4.21358003e-02	1.39073743e+00	6.69052901e-01	7.21684533e-01
5630            	-2.63170089e-02	4.21374430e-02	1.39070843e+00	6.69037204e-01	7.21671222e-01
5631            	-2.63181877e-02	4.21390953e-02	1.39067962e+00	6.69021621e-01	7.21657996e-01
5632            	-2.63193616e-02	4.21407599e-02	1.39065078e+00	6.69006029e-01	7.21644752e-01
5633            	-2.63205807e-02	4.21423964e-02	1.39062167e+00	6.68990253e-01	7.21631414e-01
5634            	-2.63218172e-02	4.21440170e-02	1.39059227e+00	6.68974316e-01	7.21617950e-01
5635            	-2.63230697e-02	4.21456076e-02	1.39056259e+00	6.68958226e-01	7.21604365e-01
5636            	-2.63243396e-02	4.21471525e-02	1.39053272e+00	6.68942020e-01	7.21590699e-01
5637            	-2.63256286e-02	4.21486388e-02	1.39050277e+00	6.68925758e-01	7.21577015e-01
5638            	-2.63269378e-02	4.21500602e-02	1.39047290e+00	6.68909511e-01	7.21563387e-01
5639            	-2.63283051e-02	4.21513872e-02	1.39044315e+00	6.68893272e-01	7.21549883e-01
5640            	-2.63296899e-02	4.21526565e-02	1.39041373e+00	6.68877173e-01	7.21536553e-01
5641            	-2.63310786e-02	4.21538866e-02	1.39038467e+00	6.68861258e-01	7.21523415e-01
5642            	-2.63324615e-02	4.21550933e-02	1.39035601e+00	6.68845542e-01	7.21510465e-01
5643            	-2.63338328e-02	4.21562883e-02	1.39032769e+00	6.68830011e-01	7.21497676e-01
5644            	-2.63351899e-02	4.21574786e-02	1.39029965e+00	6.68814635e-01	7.21485014e-01
5645            	-2.63365710e-02	4.21586359e-02	1.39027175e+00	6.68799303e-01	7.21472445e-01
5646            	-2.63379404e-02	4.21597872e-02	1.39024400e+00	6.68784058e-01	7.21459939e-01
5647            	-2.63392921e-02	4.21609335e-02	1.39021635e+00	6.68768883e-01	7.21447468e-01
5648            	-2.63406264e-02	4.21620700e-02	1.39018877e+00	6.68753758e-01	7.21435011e-01
5649            	-2.63419487e-02	4.21631876e-02	1.39016122e+00	6.68738663e-01	7.21422561e-01
5650            	-2.63432677e-02	4.21642758e-02	1.39013370e+00	6.68723583e-01	7.21410118e-01
5651            	-2.63446313e-02	4.21652947e-02	1.39010613e+00	6.68708433e-01	7.21397696e-01
5652            	-2.63460117e-02	4.21662648e-02	1.39007860e+00	6.68693289e-01	7.21385312e-01
5653            	-2.63474074e-02	4.21671872e-02	1.39005114e+00	6.68678164e-01	7.21372979e-01
5654            	-2.63488194e-02	4.21680624e-02	1.39002377e+00	6.68663067e-01	7.21360706e-01
5655            	-2.63502500e-02	4.21688905e-02	1.38999650e+00	6.68648000e-01	7.21348500e-01
5656            	-2.63517011e-02	4.21696725e-02	1.38996933e+00	6.68632963e-01	7.21336366e-01
5657            	-2.63532110e-02	4.21703805e-02	1.38994219e+00	6.68617886e-01	7.21324308e-01
5658            	-2.63547425e-02	4.21710453e-02	1.38991518e+00	6.68602847e-01	7.21312332e-01
5659            	-2.63562838e-02	4.21716767e-02	1.38988829e+00	6.68587864e-01	7.21300431e-01
5660            	-2.63578273e-02	4.21722807e-02	1.38986154e+00	6.68572945e-01	7.21288600e-01
5661            	-2.63593686e-02	4.21728602e-02	1.38983492e+00	6.68558092e-01	7.21276829e-01
5662            	-2.63609058e-02	4.21734159e-02	1.38980842e+00	6.68543302e-01	7.21265114e-01
5663            	-2.63624761e-02	4.21739182e-02	1.38978196e+00	6.68528501e-01	7.21253454e-01
5664            	-2.63640451e-02	4.21743930e-02	1.38975561e+00	6.68513761e-01	7.21241851e-01
5665            	-2.63656056e-02	4.21748449e-02	1.38972939e+00	6.68499091e-01	7.21230303e-01
5666            	-2.63671557e-02	4.21752748e-02	1.38970330e+00	6.68484495e-01	7.21218806e-01
5667            	-2.63686977e-02	4.21756807e-02	1.38967733e+00	6.68469965e-01	7.21207360e-01
5668            	-2.63702362e-02	4.21760596e-02	1.38965146e+00	6.68455492e-01	7.21195964e-01
5669            	-2.63717760e-02	4.21764086e-02	1.38962568e+00	6.68441066e-01	7.21184618e-01
5670            	-2.63733572e-02	4.21766977e-02	1.38959994e+00	6.68426614e-01	7.21173328e-01
5671            	-2.63749486e-02	4.21769526e-02	1.38957430e+00	6.68412204e-01	7.21162101e-01
5672            	-2.63765443e-02	4.21771786e-02	1.38954878e+00	6.68397846e-01	7.21150935e-01
5673            	-2.63781424e-02	4.21773778e-02	1.38952337e+00	6.68383542e-01	7.21139827e-01
5674            	-2.63797435e-02	4.21775499e-02	1.38949806e+00	6.68369286e-01	7.21128773e-01
5675            	-2.63813497e-02	4.21776932e-02	1.38947284e+00	6.68355070e-01	7.21117769e-01
5676            	-2.63829632e-02	4.21778059e-02	1.38944770e+00	6.68340887e-01	7.21106813e-01
5677            	-2.63846211e-02	4.21778595e-02	1.38942257e+00	6.68326665e-01	7.21095907e-01
5678            	-2.63862911e-02	4.21778790e-02	1.38939752e+00	6.68312471e-01	7.21085054e-01
5679            	-2.63879650e-02	4.21778703e-02	1.38937257e+00	6.68298322e-01	7.21074252e-01
5680            	-2.63896383e-02	4.21778366e-02	1.38934772e+00	6.68284223e-01	7.21063500e-01
5681            	-2.63913092e-02	4.21777787e-02	1.38932297e+00	6.68270178e-01	7.21052797e-01
5682            	-2.63929778e-02	4.21776965e-02	1.38929833e+00	6.68256185e-01	7.21042141e-01
5683            	-2.63946450e-02	4.21775894e-02	1.38927378e+00	6.68242243e-01	7.21031533e-01
5684            	-2.63963472e-02	4.21774298e-02	1.38924926e+00	6.68228282e-01	7.21020977e-01
5685            	-2.63980524e-02	4.21772432e-02	1.38922485e+00	6.68214373e-01	7.21010478e-01
5686            	-2.63997533e-02	4.21770357e-02	1.38920056e+00	6.68200529e-01	7.21000035e-01
5687            	-2.64014466e-02	4.21768099e-02	1.38917640e+00	6.68186752e-01	7.20989645e-01
5688            	-2.64031327e-02	4.21765657e-02	1.38915234e+00	6.68173038e-01	7.20979303e-01
5689            	-2.64048135e-02	4.21763016e-02	1.38912838e+00	6.68159379e-01	7.20969006e-01
5690            	-2.64064917e-02	4.21760158e-02	1.38910452e+00	6.68145768e-01	7.20958752e-01
5691            	-2.64081696e-02	4.21757072e-02	1.38908074e+00	6.68132199e-01	7.20948538e-01
5692            	-2.64098845e-02	4.21753478e-02	1.38905697e+00	6.68118602e-01	7.20938371e-01
5693            	-2.64116043e-02	4.21749638e-02	1.38903330e+00	6.68105048e-01	7.20928256e-01
5694            	-2.64133210e-02	4.21745618e-02	1.38900974e+00	6.68091551e-01	7.20918193e-01
5695            	-2.64150315e-02	4.21741446e-02	1.38898629e+00	6.68078115e-01	7.20908178e-01
5696            	-2.64167384e-02	4.21737116e-02	1.38896291e+00	6.68064715e-01	7.20898192e-01
5697            	-2.64184407e-02	4.21732614e-02	1.38893963e+00	6.68051372e-01	7.20888253e-01
5698            	-2.64201408e-02	4.21727921e-02	1.38891644e+00	6.68038080e-01	7.20878362e-01
5699            	-2.64218412e-02	4.21723028e-02	1.38889335e+00	6.68024833e-01	7.20868515e-01
5700            	-2.64235788e-02	4.21717661e-02	1.38887028e+00	6.68011559e-01	7.20858717e-01
5701            	-2.64253212e-02	4.21712086e-02	1.38884730e+00	6.67998328e-01	7.20848971e-01
5702            	-2.64270599e-02	4.21706373e-02	1.38882442e+00	6.67985152e-01	7.20839272e-01
5703            	-2.64287910e-02	4.21700552e-02	1.38880165e+00	6.67972034e-01	7.20829616e-01
5704            	-2.64305137e-02	4.21694628e-02	1.38877897e+00	6.67958973e-01	7.20820000e-01
5705            	-2.64322296e-02	4.21688583e-02	1.38875638e+00	6.67945961e-01	7.20810420e-01
5706            	-2.64339410e-02	4.21682397e-02	1.38873386e+00	6.67932991e-01	7.20800873e-01
5707            	-2.64356495e-02	4.21676057e-02	1.38871142e+00	6.67920062e-01	7.20791361e-01
5708            	-2.64373914e-02	4.21669294e-02	1.38868899e+00	6.67907106e-01	7.20781889e-01
5709            	-2.64391343e-02	4.21662366e-02	1.38866666e+00	6.67894197e-01	7.20772465e-01
5710            	-2.64408709e-02	4.21655336e-02	1.38864444e+00	6.67881348e-01	7.20763090e-01
5711            	-2.64425977e-02	4.21648232e-02	1.38862232e+00	6.67868564e-01	7.20753760e-01
5712            	-2.64443145e-02	4.21641053e-02	1.38860032e+00	6.67855843e-01	7.20744472e-01
5713            	-2.64460232e-02	4.21633785e-02	1.38857840e+00	6.67843177e-01	7.20735224e-01
5714            	-2.64477262e-02	4.21626413e-02	1.38855657e+00	6.67830559e-01	7.20726012e-01
5715            	-2.64494256e-02	4.21618925e-02	1.38853482e+00	6.67817983e-01	7.20716834e-01
5716            	-2.64511226e-02	4.21611319e-02	1.38851314e+00	6.67805445e-01	7.20707691e-01
5717            	-2.64528529e-02	4.21603338e-02	1.38849147e+00	6.67792881e-01	7.20698586e-01
5718            	-2.64549629e-02	4.21592507e-02	1.38846632e+00	6.67778195e-01	7.20688121e-01
5719            	-2.64566587e-02	4.21584172e-02	1.38844537e+00	6.67766028e-01	7.20679345e-01
5720            	-2.64583041e-02	4.21576258e-02	1.38842495e+00	6.67754172e-01	7.20670780e-01
5721            	-2.64599001e-02	4.21568854e-02	1.38840494e+00	6.67742569e-01	7.20662369e-01
5722            	-2.64614627e-02	4.21561860e-02	1.38838510e+00	6.67731087e-01	7.20654012e-01
5723            	-2.64630170e-02	4.21555040e-02	1.38836515e+00	6.67719556e-01	7.20645590e-01
5724            	-2.64649227e-02	4.21545719e-02	1.38834161e+00	6.67705884e-01	7.20635729e-01
5725            	-2.64664903e-02	4.21538264e-02	1.38832150e+00	6.67694260e-01	7.20627240e-01
5726            	-2.64680996e-02	4.21530378e-02	1.38830130e+00	6.67682548e-01	7.20618747e-01
5727            	-2.64697213e-02	4.21522324e-02	1.38828106e+00	6.67670806e-01	7.20610249e-01
5728            	-2.64717027e-02	4.21511560e-02	1.38825742e+00	6.67657009e-01	7.20600414e-01
5729            	-2.64733334e-02	4.21502920e-02	1.38823738e+00	6.67645358e-01	7.20592025e-01
5730            	-2.64749495e-02	4.21494388e-02	1.38821757e+00	6.67633836e-01	7.20583735e-01
5731            	-2.64768934e-02	4.21483464e-02	1.38819474e+00	6.67620478e-01	7.20574265e-01
5732            	-2.64784887e-02	4.21474879e-02	1.38817536e+00	6.67609194e-01	7.20566171e-01
5733            	-2.64800630e-02	4.21466583e-02	1.38815621e+00	6.67598042e-01	7.20558168e-01
5734            	-2.64819506e-02	4.21456120e-02	1.38813405e+00	6.67585076e-01	7.20548978e-01
5735            	-2.64835060e-02	4.21447891e-02	1.38811508e+00	6.67574032e-01	7.20541044e-01
5736            	-2.64850830e-02	4.21439615e-02	1.38809609e+00	6.67562963e-01	7.20533129e-01
5737            	-2.64869778e-02	4.21429117e-02	1.38807402e+00	6.67550033e-01	7.20523988e-01
5738            	-2.64885509e-02	4.21420673e-02	1.38805500e+00	6.67538952e-01	7.20516053e-01
5739            	-2.64904180e-02	4.21410074e-02	1.38803312e+00	6.67526140e-01	7.20506976e-01
5740            	-2.64919614e-02	4.21401575e-02	1.38801432e+00	6.67515199e-01	7.20499122e-01
5741            	-2.64934798e-02	4.21393323e-02	1.38799574e+00	6.67504389e-01	7.20491348e-01
5742            	-2.64952987e-02	4.21382914e-02	1.38797428e+00	6.67491842e-01	7.20482439e-01
5743            	-2.64971184e-02	4.21372220e-02	1.38795298e+00	6.67479369e-01	7.20473606e-01
5744            	-2.64986377e-02	4.21363592e-02	1.38793464e+00	6.67468683e-01	7.20465958e-01
5745            	-2.65001320e-02	4.21355318e-02	1.38791661e+00	6.67458173e-01	7.20458437e-01
5746            	-2.65019060e-02	4.21345181e-02	1.38789590e+00	6.67446045e-01	7.20449857e-01
5747            	-2.65034390e-02	4.21336710e-02	1.38787781e+00	6.67435468e-01	7.20442346e-01
5748            	-2.65052694e-02	4.21326224e-02	1.38785694e+00	6.67423202e-01	7.20433741e-01
5749            	-2.65071023e-02	4.21315516e-02	1.38783611e+00	6.67410954e-01	7.20425159e-01
5750            	-2.65086389e-02	4.21306820e-02	1.38781804e+00	6.67400379e-01	7.20417657e-01
5751            	-2.65101384e-02	4.21298528e-02	1.38780026e+00	6.67389994e-01	7.20410271e-01
5752            	-2.65120901e-02	4.21287026e-02	1.38777831e+00	6.67377065e-01	7.20401245e-01
5753            	-2.65139243e-02	4.21276035e-02	1.38775760e+00	6.67364874e-01	7.20392723e-01
5754            	-2.65154789e-02	4.21267002e-02	1.38773958e+00	6.67354309e-01	7.20385267e-01
5755            	-2.65167955e-02	4.21259823e-02	1.38772377e+00	6.67345089e-01	7.20378680e-01
5756            	-2.65185960e-02	4.21249449e-02	1.38770319e+00	6.67332998e-01	7.20370190e-01
5757            	-2.65203448e-02	4.21239326e-02	1.38768306e+00	6.67321184e-01	7.20361873e-01
5758            	-2.65219162e-02	4.21230426e-02	1.38766494e+00	6.67310554e-01	7.20354387e-01
5759            	-2.65232870e-02	4.21223061e-02	1.38764870e+00	6.67301065e-01	7.20347639e-01
5760            	-2.65251256e-02	4.21212638e-02	1.38762795e+00	6.67288850e-01	7.20339101e-01
5761            	-2.65265041e-02	4.21205297e-02	1.38761147e+00	6.67279232e-01	7.20332241e-01
5762            	-2.65283564e-02	4.21194664e-02	1.38759054e+00	6.67266914e-01	7.20323627e-01
5763            	-2.65301581e-02	4.21183989e-02	1.38757029e+00	6.67254984e-01	7.20315301e-01
5764            	-2.65318993e-02	4.21173464e-02	1.38755084e+00	6.67243523e-01	7.20307322e-01
5765            	-2.65335818e-02	4.21163289e-02	1.38753215e+00	6.67232494e-01	7.20299657e-01
5766            	-2.65348325e-02	4.21156466e-02	1.38751748e+00	6.67223905e-01	7.20293570e-01
5767            	-2.65365597e-02	4.21146714e-02	1.38749818e+00	6.67212532e-01	7.20285651e-01
5768            	-2.65378920e-02	4.21139814e-02	1.38748240e+00	6.67203306e-01	7.20279090e-01
5769            	-2.65397136e-02	4.21129788e-02	1.38746183e+00	6.67191200e-01	7.20270627e-01
5770            	-2.65411673e-02	4.21122023e-02	1.38744496e+00	6.67181315e-01	7.20263650e-01
5771            	-2.65427039e-02	4.21113756e-02	1.38742728e+00	6.67170938e-01	7.20256346e-01
5772            	-2.65443185e-02	4.21104918e-02	1.38740885e+00	6.67160105e-01	7.20248742e-01
5773            	-2.65459997e-02	4.21095479e-02	1.38738986e+00	6.67148929e-01	7.20240929e-01
5774            	-2.65477299e-02	4.21085504e-02	1.38737060e+00	6.67137571e-01	7.20233031e-01
5775            	-2.65494876e-02	4.21075162e-02	1.38735137e+00	6.67126195e-01	7.20225171e-01
5776            	-2.65512505e-02	4.21064700e-02	1.38733237e+00	6.67114935e-01	7.20217436e-01
5777            	-2.65529986e-02	4.21054388e-02	1.38731374e+00	6.67103872e-01	7.20209869e-01
5778            	-2.65547156e-02	4.21044466e-02	1.38729550e+00	6.67093037e-01	7.20202468e-01
5779            	-2.65563906e-02	4.21035100e-02	1.38727762e+00	6.67082419e-01	7.20195200e-01
5780            	-2.65580178e-02	4.21026365e-02	1.38726000e+00	6.67071980e-01	7.20188016e-01
5781            	-2.65595972e-02	4.21018239e-02	1.38724254e+00	6.67061672e-01	7.20180866e-01
5782            	-2.65611342e-02	4.21010616e-02	1.38722516e+00	6.67051445e-01	7.20173713e-01
5783            	-2.65631084e-02	4.21000230e-02	1.38720426e+00	6.67039023e-01	7.20165240e-01
5784            	-2.65645192e-02	4.20993262e-02	1.38718818e+00	6.67029572e-01	7.20158610e-01
5785            	-2.65662800e-02	4.20984198e-02	1.38716902e+00	6.67018232e-01	7.20150792e-01
5786            	-2.65675552e-02	4.20978202e-02	1.38715403e+00	6.67009458e-01	7.20144568e-01
5787            	-2.65692107e-02	4.20969989e-02	1.38713568e+00	6.66998627e-01	7.20137049e-01
5788            	-2.65707896e-02	4.20962183e-02	1.38711803e+00	6.66988226e-01	7.20129805e-01
5789            	-2.65722979e-02	4.20954844e-02	1.38710104e+00	6.66978222e-01	7.20122817e-01
5790            	-2.65737619e-02	4.20947891e-02	1.38708445e+00	6.66968462e-01	7.20115986e-01
5791            	-2.65752103e-02	4.20941167e-02	1.38706798e+00	6.66958779e-01	7.20109199e-01
5792            	-2.65766677e-02	4.20934477e-02	1.38705140e+00	6.66949030e-01	7.20102366e-01
5793            	-2.65781551e-02	4.20927619e-02	1.38703451e+00	6.66939102e-01	7.20095412e-01
5794            	-2.65796796e-02	4.20920467e-02	1.38701730e+00	6.66928969e-01	7.20088328e-01
5795            	-2.65812397e-02	4.20912979e-02	1.38699980e+00	6.66918659e-01	7.20081139e-01
5796            	-2.65828876e-02	4.20904780e-02	1.38698202e+00	6.66908122e-01	7.20073897e-01
5797            	-2.65845669e-02	4.20896319e-02	1.38696417e+00	6.66897520e-01	7.20066654e-01
5798            	-2.65862545e-02	4.20887818e-02	1.38694638e+00	6.66886937e-01	7.20059446e-01
5799            	-2.65879287e-02	4.20879497e-02	1.38692876e+00	6.66876452e-01	7.20052309e-01
5800            	-2.65895830e-02	4.20871465e-02	1.38691130e+00	6.66866069e-01	7.20045235e-01
5801            	-2.65912122e-02	4.20863795e-02	1.38689401e+00	6.66855792e-01	7.20038216e-01
5802            	-2.65928128e-02	4.20856521e-02	1.38687687e+00	6.66845621e-01	7.20031247e-01
5803            	-2.65943884e-02	4.20849608e-02	1.38685982e+00	6.66835524e-01	7.20024300e-01
5804            	-2.65959406e-02	4.20843010e-02	1.38684285e+00	6.66825485e-01	7.20017367e-01
5805            	-2.65974730e-02	4.20836664e-02	1.38682592e+00	6.66815488e-01	7.20010434e-01
5806            	-2.65989895e-02	4.20830503e-02	1.38680902e+00	6.66805520e-01	7.20003499e-01
5807            	-2.66004947e-02	4.20824460e-02	1.38679213e+00	6.66795571e-01	7.19996561e-01
5808            	-2.66019940e-02	4.20818478e-02	1.38677525e+00	6.66785632e-01	7.19989620e-01
5809            	-2.66034927e-02	4.20812512e-02	1.38675837e+00	6.66775693e-01	7.19982678e-01
5810            	-2.66052291e-02	4.20805065e-02	1.38673993e+00	6.66764738e-01	7.19975196e-01
5811            	-2.66068103e-02	4.20798399e-02	1.38672302e+00	6.66754701e-01	7.19968322e-01
5812            	-2.66083827e-02	4.20791896e-02	1.38670633e+00	6.66744784e-01	7.19961549e-01
5813            	-2.66099337e-02	4.20785703e-02	1.38668988e+00	6.66735006e-01	7.19954874e-01
5814            	-2.66114645e-02	4.20779840e-02	1.38667357e+00	6.66725322e-01	7.19948251e-01
5815            	-2.66131677e-02	4.20773167e-02	1.38665581e+00	6.66714736e-01	7.19941071e-01
5816            	-2.66146877e-02	4.20767532e-02	1.38663944e+00	6.66705031e-01	7.19934407e-01
5817            	-2.66161909e-02	4.20762137e-02	1.38662310e+00	6.66695360e-01	7.19927742e-01
5818            	-2.66176788e-02	4.20756974e-02	1.38660677e+00	6.66685704e-01	7.19921062e-01
5819            	-2.66193369e-02	4.20750989e-02	1.38658889e+00	6.66675108e-01	7.19913781e-01
5820            	-2.66208173e-02	4.20745915e-02	1.38657242e+00	6.66665395e-01	7.19907029e-01
5821            	-2.66222782e-02	4.20741076e-02	1.38655606e+00	6.66655754e-01	7.19900310e-01
5822            	-2.66237215e-02	4.20736493e-02	1.38653980e+00	6.66646181e-01	7.19893624e-01
5823            	-2.66253326e-02	4.20731164e-02	1.38652210e+00	6.66635716e-01	7.19886381e-01
5824            	-2.66267758e-02	4.20726700e-02	1.38650584e+00	6.66626145e-01	7.19879697e-01
5825            	-2.66282651e-02	4.20722050e-02	1.38648963e+00	6.66616550e-01	7.19873080e-01
5826            	-2.66297638e-02	4.20717509e-02	1.38647350e+00	6.66606985e-01	7.19866513e-01
5827            	-2.66312705e-02	4.20713081e-02	1.38645736e+00	6.66597412e-01	7.19859953e-01
5828            	-2.66329810e-02	4.20707685e-02	1.38643961e+00	6.66586824e-01	7.19852786e-01
5829            	-2.66345223e-02	4.20703052e-02	1.38642322e+00	6.66577086e-01	7.19846131e-01
5830            	-2.66360532e-02	4.20698542e-02	1.38640688e+00	6.66567386e-01	7.19839492e-01
5831            	-2.66375664e-02	4.20694239e-02	1.38639061e+00	6.66557740e-01	7.19832873e-01
5832            	-2.66390615e-02	4.20690172e-02	1.38637439e+00	6.66548133e-01	7.19826256e-01
5833            	-2.66405427e-02	4.20686328e-02	1.38635814e+00	6.66538530e-01	7.19819615e-01
5834            	-2.66420156e-02	4.20682668e-02	1.38634183e+00	6.66528898e-01	7.19812930e-01
5835            	-2.66434851e-02	4.20679145e-02	1.38632541e+00	6.66519221e-01	7.19806191e-01
5836            	-2.66449540e-02	4.20675717e-02	1.38630890e+00	6.66509498e-01	7.19799406e-01
5837            	-2.66464234e-02	4.20672362e-02	1.38629234e+00	6.66499746e-01	7.19792593e-01
5838            	-2.66478924e-02	4.20669082e-02	1.38627577e+00	6.66489992e-01	7.19785777e-01
5839            	-2.66493588e-02	4.20665898e-02	1.38625925e+00	6.66480267e-01	7.19778985e-01
5840            	-2.66508196e-02	4.20662850e-02	1.38624284e+00	6.66470599e-01	7.19772238e-01
5841            	-2.66523304e-02	4.20659564e-02	1.38622646e+00	6.66460899e-01	7.19765560e-01
5842            	-2.66538502e-02	4.20656360e-02	1.38621020e+00	6.66451251e-01	7.19758952e-01
5843            	-2.66553680e-02	4.20653319e-02	1.38619406e+00	6.66441660e-01	7.19752396e-01
5844            	-2.66568777e-02	4.20650469e-02	1.38617798e+00	6.66432114e-01	7.19745869e-01
5845            	-2.66583759e-02	4.20647811e-02	1.38616194e+00	6.66422593e-01	7.19739345e-01
5846            	-2.66598611e-02	4.20645324e-02	1.38614589e+00	6.66413083e-01	7.19732806e-01
5847            	-2.66613329e-02	4.20642987e-02	1.38612981e+00	6.66403573e-01	7.19726238e-01
5848            	-2.66627916e-02	4.20640783e-02	1.38611369e+00	6.66394055e-01	7.19719638e-01
5849            	-2.66642373e-02	4.20638703e-02	1.38609754e+00	6.66384533e-01	7.19713008e-01
5850            	-2.66656700e-02	4.20636756e-02	1.38608137e+00	6.66375017e-01	7.19706357e-01
5851            	-2.66670896e-02	4.20634953e-02	1.38606521e+00	6.66365517e-01	7.19699697e-01
5852            	-2.66684966e-02	4.20633314e-02	1.38604909e+00	6.66356047e-01	7.19693040e-01
5853            	-2.66698922e-02	4.20631853e-02	1.38603301e+00	6.66346613e-01	7.19686398e-01
5854            	-2.66712784e-02	4.20630574e-02	1.38601700e+00	6.66337219e-01	7.19679776e-01
5855            	-2.66726580e-02	4.20629473e-02	1.38600104e+00	6.66327862e-01	7.19673178e-01
5856            	-2.66740338e-02	4.20628536e-02	1.38598514e+00	6.66318534e-01	7.19666601e-01
5857            	-2.66754680e-02	4.20627319e-02	1.38596917e+00	6.66309119e-01	7.19660055e-01
5858            	-2.66769240e-02	4.20626088e-02	1.38595322e+00	6.66299686e-01	7.19653534e-01
5859            	-2.66783930e-02	4.20624889e-02	1.38593726e+00	6.66290239e-01	7.19647025e-01
5860            	-2.66798678e-02	4.20623749e-02	1.38592129e+00	6.66280778e-01	7.19640513e-01
5861            	-2.66813420e-02	4.20622693e-02	1.38590530e+00	6.66271307e-01	7.19633991e-01
5862            	-2.66828092e-02	4.20621746e-02	1.38588929e+00	6.66261836e-01	7.19627454e-01
5863            	-2.66842640e-02	4.20620939e-02	1.38587328e+00	6.66252375e-01	7.19620903e-01
5864            	-2.66857018e-02	4.20620308e-02	1.38585728e+00	6.66242937e-01	7.19614340e-01
5865            	-2.66871190e-02	4.20619886e-02	1.38584130e+00	6.66233533e-01	7.19607771e-01
5866            	-2.66885136e-02	4.20619699e-02	1.38582537e+00	6.66224173e-01	7.19601200e-01
5867            	-2.66898851e-02	4.20619764e-02	1.38580950e+00	6.66214865e-01	7.19594635e-01
5868            	-2.66912350e-02	4.20620080e-02	1.38579369e+00	6.66205609e-01	7.19588079e-01
5869            	-2.66925668e-02	4.20620630e-02	1.38577794e+00	6.66196403e-01	7.19581537e-01
5870            	-2.66938856e-02	4.20621382e-02	1.38576225e+00	6.66187237e-01	7.19575008e-01
5871            	-2.66951971e-02	4.20622292e-02	1.38574659e+00	6.66178098e-01	7.19568492e-01
5872            	-2.66965071e-02	4.20623317e-02	1.38573096e+00	6.66168973e-01	7.19561987e-01
5873            	-2.66978203e-02	4.20624417e-02	1.38571534e+00	6.66159849e-01	7.19555490e-01
5874            	-2.66991999e-02	4.20625137e-02	1.38569962e+00	6.66150609e-01	7.19549009e-01
5875            	-2.67006093e-02	4.20625743e-02	1.38568387e+00	6.66141326e-01	7.19542544e-01
5876            	-2.67020383e-02	4.20626304e-02	1.38566809e+00	6.66132007e-01	7.19536083e-01
5877            	-2.67034779e-02	4.20626876e-02	1.38565228e+00	6.66122662e-01	7.19529617e-01
5878            	-2.67049186e-02	4.20627516e-02	1.38563644e+00	6.66113303e-01	7.19523140e-01
5879            	-2.67063518e-02	4.20628278e-02	1.38562060e+00	6.66103947e-01	7.19516651e-01
5880            	-2.67077698e-02	4.20629218e-02	1.38560476e+00	6.66094611e-01	7.19510151e-01
5881            	-2.67091664e-02	4.20630384e-02	1.38558895e+00	6.66085310e-01	7.19503643e-01
5882            	-2.67105374e-02	4.20631814e-02	1.38557319e+00	6.66076057e-01	7.19497132e-01
5883            	-2.67118804e-02	4.20633531e-02	1.38555749e+00	6.66066863e-01	7.19490624e-01
5884            	-2.67131959e-02	4.20635542e-02	1.38554185e+00	6.66057730e-01	7.19484122e-01
5885            	-2.67144864e-02	4.20637829e-02	1.38552629e+00	6.66048657e-01	7.19477630e-01
5886            	-2.67157569e-02	4.20640358e-02	1.38551079e+00	6.66039636e-01	7.19471150e-01
5887            	-2.67170138e-02	4.20643081e-02	1.38549534e+00	6.66030654e-01	7.19464682e-01
5888            	-2.67182643e-02	4.20645942e-02	1.38547992e+00	6.66021696e-01	7.19458224e-01
5889            	-2.67195151e-02	4.20648886e-02	1.38546452e+00	6.66012744e-01	7.19451774e-01
5890            	-2.67207717e-02	4.20651869e-02	1.38544912e+00	6.66003786e-01	7.19445329e-01
5891            	-2.67220974e-02	4.20654433e-02	1.38543360e+00	6.65994705e-01	7.19438900e-01
5892            	-2.67234567e-02	4.20656840e-02	1.38541805e+00	6.65985570e-01	7.19432483e-01
5893            	-2.67248391e-02	4.20659163e-02	1.38540246e+00	6.65976392e-01	7.19426071e-01
5894            	-2.67262343e-02	4.20661471e-02	1.38538684e+00	6.65967184e-01	7.19419652e-01
5895            	-2.67276322e-02	4.20663828e-02	1.38537118e+00	6.65957959e-01	7.19413223e-01
5896            	-2.67290229e-02	4.20666302e-02	1.38535552e+00	6.65948736e-01	7.19406782e-01
5897            	-2.67303976e-02	4.20668956e-02	1.38533987e+00	6.65939535e-01	7.19400330e-01
5898            	-2.67317492e-02	4.20671844e-02	1.38532424e+00	6.65930373e-01	7.19393871e-01
5899            	-2.67330727e-02	4.20675009e-02	1.38530867e+00	6.65921264e-01	7.19387409e-01
5900            	-2.67343658e-02	4.20678477e-02	1.38529317e+00	6.65912217e-01	7.19380949e-01
5901            	-2.67356286e-02	4.20682251e-02	1.38527773e+00	6.65903238e-01	7.19374495e-01
5902            	-2.67368641e-02	4.20686312e-02	1.38526238e+00	6.65894324e-01	7.19368052e-01
5903            	-2.67380777e-02	4.20690622e-02	1.38524709e+00	6.65885466e-01	7.19361621e-01
5904            	-2.67392766e-02	4.20695127e-02	1.38523185e+00	6.65876649e-01	7.19355202e-01
5905            	-2.67404686e-02	4.20699764e-02	1.38521665e+00	6.65867857e-01	7.19348794e-01
5906            	-2.67416612e-02	4.20704475e-02	1.38520147e+00	6.65859072e-01	7.19342394e-01
5907            	-2.67428603e-02	4.20709209e-02	1.38518628e+00	6.65850278e-01	7.19335998e-01
5908            	-2.67441299e-02	4.20713503e-02	1.38517098e+00	6.65841358e-01	7.19329618e-01
5909            	-2.67454353e-02	4.20717610e-02	1.38515563e+00	6.65832379e-01	7.19323249e-01
5910            	-2.67467661e-02	4.20721604e-02	1.38514023e+00	6.65823351e-01	7.19316883e-01
5911            	-2.67481119e-02	4.20725555e-02	1.38512480e+00	6.65814288e-01	7.19310511e-01
5912            	-2.67494617e-02	4.20729535e-02	1.38510933e+00	6.65805205e-01	7.19304128e-01
5913            	-2.67508049e-02	4.20733616e-02	1.38509386e+00	6.65796123e-01	7.19297733e-01
5914            	-2.67521320e-02	4.20737867e-02	1.38507839e+00	6.65787063e-01	7.19291327e-01
5915            	-2.67534352e-02	4.20742349e-02	1.38506296e+00	6.65778043e-01	7.19284913e-01
5916            	-2.67547090e-02	4.20747108e-02	1.38504758e+00	6.65769079e-01	7.19278497e-01
5917            	-2.67559507e-02	4.20752172e-02	1.38503226e+00	6.65760181e-01	7.19272083e-01
5918            	-2.67571604e-02	4.20757545e-02	1.38501703e+00	6.65751354e-01	7.19265675e-01
5919            	-2.67583413e-02	4.20763207e-02	1.38500187e+00	6.65742595e-01	7.19259278e-01
5920            	-2.67594992e-02	4.20769116e-02	1.38498679e+00	6.65733894e-01	7.19252893e-01
5921            	-2.67606415e-02	4.20775215e-02	1.38497176e+00	6.65725237e-01	7.19246520e-01
5922            	-2.67617765e-02	4.20781440e-02	1.38495676e+00	6.65716604e-01	7.19240157e-01
5923            	-2.67629119e-02	4.20787730e-02	1.38494178e+00	6.65707980e-01	7.19233803e-01
5924            	-2.67640536e-02	4.20794032e-02	1.38492680e+00	6.65699348e-01	7.19227455e-01
5925            	-2.67652058e-02	4.20800314e-02	1.38491181e+00	6.65690698e-01	7.19221109e-01
5926            	-2.67664305e-02	4.20806125e-02	1.38489670e+00	6.65681917e-01	7.19214778e-01
5927            	-2.67676911e-02	4.20811733e-02	1.38488154e+00	6.65673077e-01	7.19208459e-01
5928            	-2.67689751e-02	4.20817231e-02	1.38486633e+00	6.65664191e-01	7.19202141e-01
5929            	-2.67702708e-02	4.20822699e-02	1.38485109e+00	6.65655276e-01	7.19195818e-01
5930            	-2.67715665e-02	4.20828216e-02	1.38483583e+00	6.65646351e-01	7.19189484e-01
5931            	-2.67728513e-02	4.20833854e-02	1.38482057e+00	6.65637435e-01	7.19183138e-01
5932            	-2.67741163e-02	4.20839680e-02	1.38480533e+00	6.65628550e-01	7.19176782e-01
5933            	-2.67753544e-02	4.20845747e-02	1.38479013e+00	6.65619712e-01	7.19170420e-01
5934            	-2.67765612e-02	4.20852093e-02	1.38477499e+00	6.65610934e-01	7.19164056e-01
5935            	-2.67777349e-02	4.20858736e-02	1.38475992e+00	6.65602225e-01	7.19157695e-01
5936            	-2.67788769e-02	4.20865673e-02	1.38474493e+00	6.65593587e-01	7.19151341e-01
5937            	-2.67799908e-02	4.20872879e-02	1.38473001e+00	6.65585016e-01	7.19144998e-01
5938            	-2.67810830e-02	4.20880310e-02	1.38471517e+00	6.65576501e-01	7.19138668e-01
5939            	-2.67821611e-02	4.20887908e-02	1.38470038e+00	6.65568028e-01	7.19132350e-01
5940            	-2.67832333e-02	4.20895609e-02	1.38468562e+00	6.65559577e-01	7.19126044e-01
5941            	-2.67843069e-02	4.20903354e-02	1.38467088e+00	6.65551133e-01	7.19119747e-01
5942            	-2.67853879e-02	4.20911093e-02	1.38465613e+00	6.65542679e-01	7.19113455e-01
5943            	-2.67864801e-02	4.20918796e-02	1.38464137e+00	6.65534206e-01	7.19107166e-01
5944            	-2.67876451e-02	4.20926012e-02	1.38462649e+00	6.65525601e-01	7.19100891e-01
5945            	-2.67888462e-02	4.20933010e-02	1.38461156e+00	6.65516936e-01	7.19094628e-01
5946            	-2.67900709e-02	4.20939879e-02	1.38459659e+00	6.65508226e-01	7.19088368e-01
5947            	-2.67913072e-02	4.20946704e-02	1.38458159e+00	6.65499488e-01	7.19082102e-01
5948            	-2.67925433e-02	4.20953563e-02	1.38456657e+00	6.65490741e-01	7.19075828e-01
5949            	-2.67937682e-02	4.20960534e-02	1.38455155e+00	6.65482006e-01	7.19069543e-01
5950            	-2.67949727e-02	4.20967681e-02	1.38453655e+00	6.65473304e-01	7.19063249e-01
5951            	-2.67961498e-02	4.20975060e-02	1.38452160e+00	6.65464650e-01	7.19056950e-01
5952            	-2.67972950e-02	4.20982709e-02	1.38450671e+00	6.65456059e-01	7.19050649e-01
5953            	-2.67984068e-02	4.20990646e-02	1.38449189e+00	6.65447539e-01	7.19044352e-01
5954            	-2.67994865e-02	4.20998867e-02	1.38447715e+00	6.65439090e-01	7.19038063e-01
